718
616
884
301
778
238
557
1069
407
980
166
91
956
339
164
765
212
510
715
1045
907
230
835
255
464
45
335
285
645
1140
1137
651
76
910
243
139
582
797
63
359
658
861
704
346
340
643
812
976
571
280
54
830
450
1087
115
602
1021
21
409
231
249
871
1100
1019
30
933
648
237
246
550
7
486
937
580
620
756
754
216
612
1043
1007
806
601
73
868
321
220
684
1135
447
1096
1138
185
503
172
130
839
1085
202
99
412
811
1039
746
687
566
244
1102
663
466
1111
382
1151
437
15
470
1098
445
418
841
258
549
1133
534
6
609
903
158
767
859
149
85
97
60
622
535
428
1092
808
714
209
134
776
314
458
741
257
373
940
918
705
248
376
877
426
324
614
302
251
1107
440
729
532
411
967
1077
81
399
739
35
402
606
121
279
523
932
206
177
305
500
142
790
1153
548
785
181
62
68
128
343
847
365
971
1104
670
1144
313
712
660
1145
259
1042
908
556
545
1067
787
362
979
750
527
589
784
629
309
905
61
1071
773
882
675
982
71
633
1112
49
44
565
906
8
857
591
505
381
696
366
1125
72
627
698
717
720
985
86
162
378
676
256
155
1060
682
972
435
733
28
1095
145
604
844
207
312
853
855
531
700
1081
744
921
854
1065
1005
377
887
318
650
77
762
273
678
1113
894
135
546
19
900
662
864
148
192
782
218
775
783
888
52
229
960
107
472
349
930
697
392
5
595
80
964
163
1103
55
867
41
1028
881
763
607
56
17
605
20
11
831
581
786
295
1006
13
394
690
507
664
342
469
1093
276
370
685
1073
567
1110
354
203
1061
838
1002
297
330
1119
999
874
93
303
42
387
383
261
873
569
272
227
914
1052
105
1014
613
75
178
385
1155
945
1030
886
100
513
348
74
992
226
707
299
635
388
361
618
1027
752
475
481
522
332
281
983
1058
222
429
333
427
16
2
245
669
878
92
214
468
36
1094
542
740
423
562
118
1091
368
640
898
963
889
275
702
809
143
575
810
771
803
120
610
624
683
801
617
453
597
492
190
789
338
518
710
946
136
446
1130
131
626
813
1017
33
825
1033
463
955
195
579
176
846
665
654
899
436
508
504
452
386
311
396
221
325
1013
278
1115
43
959
837
424
1044
22
298
636
730
671
1089
774
268
123
1025
194
747
770
9
997
199
552
90
961
543
27
250
816
410
572
347
647
96
1075
761
308
1143
106
37
353
478
416
814
524
592
236
217
646
119
264
374
501
18
300
59
865
57
1122
1064
197
759
1026
3
824
511
493
639
909
1136
923
558
191
496
529
751
600
688
953
506
815
1056
656
896
187
893
24
764
986
1152
358
564
719
109
270
512
110
659
484
476
431
179
310
927
638
805
590
689
954
973
851
981
403
667
950
745
540
419
788
154
732
337
996
800
170
749
779
541
112
455
102
474
598
515
1123
467
360
88
283
1139
680
441
911
180
587
802
920
1
588
391
673
611
0
991
928
132
890
1109
1128
122
693
652
766
521
434
895
291
1000
233
1074
228
1105
734
795
692
724
1055
568
1008
267
239
66
350
1120
341
336
1132
390
563
254
1117
804
138
322
395
1054
526
668
89
570
1101
204
916
78
316
183
537
621
561
672
101
274
502
372
1012
331
420
167
1146
159
210
913
124
14
367
958
320
188
1046
948
520
722
315
603
828
827
931
737
1127
691
885
94
288
630
363
32
483
1001
533
1048
262
219
738
160
576
173
938
758
50
974
821
1037
1142
355
840
725
1041
822
1010
465
48
883
649
479
413
1051
438
848
962
389
530
184
1106
326
655
1078
544
40
169
832
823
39
987
117
161
443
1070
699
1066
460
397
1134
271
727
1108
1149
891
969
528
171
1118
686
345
1150
494
133
943
113
152
880
1068
856
772
242
709
114
625
862
860
1129
375
834
653
994
731
952
642
153
826
716
849
404
196
901
439
553
53
1004
1038
477
726
852
925
936
993
608
156
225
352
65
554
175
681
200
559
384
753
482
1116
1049
473
1035
525
1072
415
1099
129
344
454
1016
777
796
666
211
241
168
743
977
1063
1086
998
990
818
430
1097
509
1057
858
947
1036
198
1015
498
1154
141
1029
872
870
290
286
488
369
1083
711
351
193
866
371
1148
1047
480
449
876
356
433
165
919
84
327
929
869
307
379
1022
793
817
843
47
723
922
514
1040
677
791
253
23
150
836
721
912
708
334
380
942
536
265
157
151
538
949
328
519
703
897
471
593
560
95
924
623
292
235
1024
517
31
25
794
137
293
798
781
140
850
405
83
266
487
599
657
213
490
247
240
792
547
585
174
29
205
586
1141
735
1082
760
799
1032
768
555
414
421
79
1003
975
1131
934
146
879
1011
12
713
126
728
144
742
223
619
400
306
489
234
201
357
269
408
641
277
939
769
393
995
594
189
748
499
1126
926
417
67
845
755
215
425
1121
829
104
661
401
1062
69
984
706
1124
1020
941
364
1023
282
1031
757
573
294
329
516
448
319
1147
615
970
432
108
461
462
495
51
833
957
944
260
701
456
694
935
1084
398
232
583
904
968
644
186
577
34
224
125
289
457
978
422
736
951
1053
596
111
1114
1059
70
459
842
147
26
820
631
875
551
539
444
637
64
1034
966
103
679
497
451
628
491
4
965
127
263
807
406
252
284
10
116
58
317
1018
87
574
989
46
82
1009
1076
98
632
578
1079
287
296
674
442
323
208
38
819
1090
917
863
988
1050
695
634
584
902
780
1088
304
892
182
485
1080
915

