627
716
252
345
868
665
567
95
34
989
259
44
746
226
542
242
834
807
469
617
1024
393
910
524
636
670
418
843
273
778
373
734
427
776
646
986
281
420
687
374
838
952
376
551
1122
590
656
68
183
683
312
48
339
190
401
888
756
946
363
1135
531
1018
124
573
1032
129
768
588
244
1011
1063
280
1088
1010
720
122
502
753
604
135
827
668
208
67
1049
975
1076
250
1146
851
417
914
247
46
423
713
466
243
301
574
901
558
459
116
764
272
1017
675
369
295
5
204
234
592
583
585
168
974
414
931
58
823
1045
638
839
639
1027
364
324
651
474
532
925
884
738
193
282
706
871
163
310
434
55
498
307
661
688
1033
439
2
649
677
88
207
173
308
982
86
42
390
77
1094
148
358
510
128
214
1072
288
99
980
895
181
433
701
1150
289
703
1127
511
508
951
192
1006
595
256
522
297
110
676
1089
84
158
527
523
856
805
153
396
1113
1034
679
1099
911
1039
180
172
958
882
209
14
409
1078
17
1036
152
942
277
428
134
392
730
394
964
829
970
635
446
614
440
579
864
495
922
1051
353
873
692
15
1043
1054
995
835
944
563
758
1014
275
645
881
315
824
796
988
487
253
473
316
49
138
712
582
19
1105
606
302
451
504
972
1134
187
844
1055
987
1133
577
104
98
1023
528
165
825
25
81
399
1015
990
186
306
85
106
334
909
200
999
64
344
269
757
891
254
447
578
424
870
102
305
580
841
368
745
570
178
1083
642
644
876
395
608
317
1
731
589
1064
1004
576
804
953
283
815
1028
516
519
425
347
154
615
246
658
609
435
941
717
93
959
108
26
318
1087
678
101
666
722
854
735
1143
457
217
468
1107
924
1153
185
198
852
211
31
867
620
270
837
1003
984
505
0
793
50
886
743
641
1139
327
711
150
156
66
1114
268
144
365
969
83
879
278
501
1029
493
348
977
37
965
245
202
690
865
415
741
486
1152
239
43
653
818
1144
686
294
718
298
826
35
411
167
672
937
449
896
131
830
611
335
260
445
235
155
1012
443
13
3
981
492
534
682
512
384
853
141
773
794
370
221
1110
413
943
195
479
812
240
803
436
381
199
866
550
780
220
329
530
336
1093
197
791
819
869
136
775
241
1058
630
41
341
669
296
33
452
461
587
693
797
936
408
714
700
1019
71
533
736
878
699
572
543
979
629
391
1101
845
274
118
899
719
552
467
846
601
991
777
164
321
1085
817
18
602
997
765
623
897
11
1095
216
648
787
1098
1022
1117
500
405
518
166
404
586
385
337
637
556
1048
196
1046
287
1136
739
792
1082
303
121
1123
194
389
1057
12
1142
140
8
971
760
600
763
1102
1081
619
875
546
137
251
782
398
1096
402
1074
10
485
1084
470
300
80
759
956
40
342
360
465
1116
6
496
939
400
105
372
599
159
1047
444
9
957
596
330
367
350
472
223
904
916
351
228
547
92
1000
949
151
331
1108
1131
387
535
898
1030
907
191
749
742
948
874
59
284
111
54
1124
790
513
1056
356
1021
175
484
976
950
119
490
323
1080
831
1037
477
107
96
266
1070
494
227
476
908
188
618
650
1008
120
438
1073
772
30
79
210
905
1052
877
82
1126
1128
514
1007
1151
63
750
702
160
632
1141
311
698
421
51
222
930
816
478
248
800
748
1097
174
660
821
903
554
377
1002
1035
1060
91
613
893
691
732
388
961
349
928
1104
634
333
684
215
271
218
463
770
811
410
919
1061
689
258
212
352
229
560
22
94
616
857
663
795
918
754
529
1130
366
257
1137
292
299
1040
564
808
406
357
506
855
397
652
482
536
460
143
488
947
581
291
332
72
541
726
78
133
1106
786
927
125
224
23
933
923
103
920
985
503
929
65
481
290
264
708
1066
553
87
667
375
625
1050
860
966
24
56
1115
900
540
789
346
813
38
934
1016
267
448
378
859
697
4
171
762
994
955
109
1149
935
727
1042
673
662
322
340
61
285
885
39
1053
184
568
314
892
265
1092
913
724
1147
960
1005
705
521
915
842
557
53
883
973
1013
917
57
872
507
453
539
801
640
1091
361
149
293
1112
962
631
483
695
74
1020
179
1103
561
7
847
1077
628
475
784
612
454
598
594
624
1125
255
655
1069
27
766
123
426
1059
489
996
115
139
569
525
848
704
145
548
20
403
97
325
783
643
921
938
562
70
575
978
45
338
1009
861
549
471
462
249
607
89
715
326
261
206
537
231
126
591
437
751
664
359
262
1155
593
862
170
412
945
545
1086
450
113
419
798
354
189
597
769
205
681
455
774
633
822
497
626
16
47
29
968
993
785
674
1129
182
1068
319
236
230
304
694
894
836
1148
162
603
752
1138
422
1140
355
680
237
62
544
1121
442
36
416
779
1154
520
276
767
647
1026
491
761
320
362
912
707
238
430
313
832
509
431
940
810
515
657
517
1111
1067
499
1031
52
685
383
654
432
809
781
963
1100
1025
820
740
799
458
998
386
75
814
407
132
605
954
992
659
828
90
671
219
380
538
203
213
1001
1079
76
371
1075
621
728
480
1119
565
147
112
127
232
696
456
69
100
130
849
1062
967
176
863
710
201
441
725
1071
833
382
225
571
343
73
622
1145
28
737
1118
526
1038
906
733
1109
559
286
555
161
610
142
157
379
279
747
429
21
721
840
887
723
889
1044
755
788
890
902
806
932
983
1065
169
1090
729
926
850
858
464
880
309
584
744
1041
328
263
114
177
1132
60
566
802
233
32
709
117
146
1120
771

