1153
247
366
999
706
988
772
884
732
1001
910
1103
179
693
906
113
1080
408
92
385
812
820
216
589
442
319
353
1154
1047
259
520
222
1042
300
1140
229
869
622
1095
643
473
304
457
1083
345
1119
301
782
282
1077
871
993
1093
704
1090
231
640
71
511
255
675
269
1137
378
579
889
721
406
628
225
543
28
323
394
715
139
54
393
857
235
859
488
0
746
483
652
850
180
85
9
487
1005
280
1098
948
908
952
1084
877
275
918
563
1026
170
443
262
6
1134
499
493
921
99
219
623
454
717
295
933
1082
261
676
713
241
7
909
951
624
349
448
558
699
14
460
559
892
1039
466
1059
330
70
556
684
205
590
251
338
986
1147
861
860
796
2
150
156
343
833
1105
722
50
116
210
63
168
876
145
780
959
701
531
1104
307
763
773
362
1148
689
474
64
891
328
37
1024
635
813
217
1040
105
496
915
870
1031
389
825
866
950
743
1050
450
134
764
508
502
735
381
610
737
786
609
68
682
361
656
548
803
649
196
677
1138
97
544
290
315
273
817
419
731
174
807
955
729
248
912
451
855
172
1102
440
591
1146
797
887
372
158
355
308
775
726
1145
880
1066
422
1078
43
193
517
826
769
818
227
765
80
501
202
1060
962
598
283
1129
133
461
783
853
1112
110
848
725
1037
1032
862
913
386
660
401
899
272
940
570
12
980
313
77
1121
816
878
928
923
447
122
941
274
294
716
840
184
108
119
161
238
112
954
781
1136
310
845
221
17
607
587
47
26
477
687
574
709
968
844
1025
914
872
958
35
143
400
614
828
218
293
1029
1133
824
683
519
998
146
316
890
673
741
59
337
152
433
165
324
58
94
125
1109
384
44
299
468
357
29
1068
935
671
1056
123
594
755
680
354
674
600
702
573
297
569
903
873
638
186
185
1035
4
539
947
142
128
509
41
1009
744
1006
79
213
396
604
22
234
808
929
96
240
8
822
568
1054
856
27
49
593
467
82
837
322
577
1065
535
626
432
65
20
971
169
1085
347
160
730
957
956
991
711
223
206
550
302
305
391
429
1071
989
703
1099
888
838
148
392
358
117
1023
490
23
189
87
916
895
321
86
42
129
667
678
939
907
618
805
103
900
83
1092
774
191
376
480
537
75
1058
137
896
30
102
679
288
858
60
561
101
740
655
195
390
949
204
334
532
84
486
762
224
74
546
38
510
138
155
438
931
798
1034
529
650
1020
528
475
634
804
183
250
200
567
842
1143
757
331
639
1062
1101
802
1045
1016
1079
849
754
534
1132
1061
162
166
373
365
771
303
62
497
149
608
24
190
982
135
829
55
484
233
747
90
363
285
987
414
1142
547
852
597
1008
40
685
985
904
792
728
181
1033
106
648
182
175
89
479
173
439
881
789
120
886
1014
979
801
654
220
1097
458
1144
495
246
335
410
73
317
662
314
688
287
284
919
208
157
785
522
665
917
945
976
841
1074
423
136
1111
927
936
5
45
256
375
924
132
348
1128
1141
1069
237
482
147
1055
581
187
93
1076
1088
1106
831
1113
370
606
541
975
1152
990
76
1114
236
111
339
489
289
492
723
270
1043
254
199
114
779
588
428
885
595
369
768
320
664
19
637
1010
109
463
1038
78
25
53
523
868
412
953
670
739
625
633
615
710
306
1120
1086
312
661
657
966
1117
996
399
350
1081
819
67
211
485
937
942
69
1019
613
279
416
32
470
882
51
1027
642
1041
809
292
1124
645
727
469
434
562
1100
471
344
540
695
1004
619
188
1155
875
974
1123
18
960
1091
367
1018
617
790
753
201
268
583
1125
1070
245
977
228
359
472
95
552
795
830
326
163
56
425
530
605
1150
749
943
333
16
100
641
1011
1049
777
572
39
874
864
66
832
835
526
104
647
756
893
253
154
582
751
576
1064
575
883
498
846
965
1000
437
1126
978
131
151
478
794
441
1089
616
257
415
696
277
264
464
1087
239
666
1046
291
926
983
226
81
668
724
15
592
1135
814
791
545
686
34
938
435
1151
620
500
691
452
705
197
249
748
436
10
318
651
118
752
178
578
453
788
126
1017
1116
57
98
515
1002
549
207
571
536
420
424
340
961
690
653
130
380
1051
397
1048
1
867
404
560
491
894
232
278
632
698
209
309
329
854
1122
663
514
403
215
843
602
707
462
388
815
203
585
997
252
621
778
1044
823
810
839
1075
212
1067
242
629
984
525
409
507
430
596
31
925
407
527
346
327
368
243
565
311
776
456
1003
934
72
286
446
847
901
697
1127
922
198
512
551
963
107
351
898
669
374
902
1131
946
192
603
455
1110
586
1030
533
580
601
612
382
694
298
806
969
263
413
61
417
973
734
1057
970
553
834
1096
681
164
332
398
930
1022
266
124
449
276
836
379
1149
736
1118
121
214
1036
770
444
631
431
411
557
995
426
296
564
371
630
281
964
720
159
793
811
171
144
658
140
1015
879
760
967
555
827
538
646
336
554
611
863
518
356
127
167
712
1073
230
584
36
352
761
52
718
767
11
360
1052
364
524
387
1139
402
465
627
566
33
267
1107
46
784
932
427
377
1063
91
745
1108
504
692
821
271
405
445
714
800
1007
265
342
644
542
787
503
325
1021
194
383
258
758
177
719
1094
1012
3
911
521
513
1130
153
759
733
421
659
494
341
1028
481
944
897
48
506
476
260
742
599
21
672
972
459
88
1115
865
905
13
1072
766
141
176
636
981
708
418
738
505
115
994
851
920
516
799
700
992
395
750
1053
244
1013

