1105
163
289
856
213
823
231
309
831
1001
29
914
864
915
509
318
270
449
204
530
290
1050
222
471
604
282
1078
5
649
24
100
405
725
610
908
624
871
247
556
1130
112
888
108
670
854
751
772
1094
3
64
675
867
267
13
818
412
617
502
713
611
75
520
1031
387
925
82
528
396
580
81
890
531
228
564
923
800
695
947
1088
975
609
1135
993
542
540
626
408
899
936
296
861
1126
655
820
1071
384
333
955
1057
985
821
1122
311
634
468
645
819
286
1029
685
547
789
741
575
950
763
952
1120
1129
650
767
167
30
916
106
478
1019
462
870
343
873
758
1124
731
926
620
992
562
499
1102
796
344
1053
1006
991
480
152
652
742
1142
656
268
50
1051
1030
960
457
48
1083
248
227
304
367
128
257
496
787
427
779
1021
859
1139
919
708
850
998
766
86
327
582
810
692
894
733
60
158
223
312
703
593
283
325
1146
44
612
454
406
372
368
473
584
1125
174
567
40
839
1032
872
1099
913
759
521
569
1058
949
110
272
411
52
273
137
640
511
924
687
1100
715
928
549
210
674
882
621
563
672
815
868
183
942
903
834
921
354
1079
446
658
179
840
302
906
444
566
359
235
718
686
1046
207
706
753
795
70
773
1107
212
1023
414
897
1141
1117
554
433
557
826
546
466
643
745
87
320
1111
141
660
475
927
203
697
113
65
801
79
778
278
734
242
226
705
510
816
948
760
131
1070
555
599
431
1087
671
1025
71
836
874
532
633
426
1085
99
389
73
46
365
132
1061
0
953
838
1016
190
994
393
728
313
96
560
156
702
351
391
848
808
699
622
200
857
1131
1009
806
452
598
218
1119
974
910
1151
126
1092
558
681
536
448
474
774
755
508
78
784
435
139
712
92
91
893
339
550
150
830
1022
437
1039
1106
303
386
659
1140
756
614
729
641
421
737
798
43
522
534
379
175
551
858
895
314
195
279
807
93
243
880
413
938
101
102
605
198
22
1148
1093
506
682
1075
1014
666
698
287
776
794
239
748
356
709
736
1095
495
58
403
129
930
171
261
292
182
341
629
707
369
732
786
135
284
7
479
255
515
711
601
1152
206
1133
1033
53
917
17
169
545
586
939
740
83
14
1114
623
539
1065
274
1155
133
125
548
825
1038
378
233
225
541
1109
1112
828
134
381
1090
1128
383
940
676
642
120
417
978
472
700
771
1113
425
160
1015
615
477
32
987
1134
404
764
600
151
1047
717
118
116
561
803
245
237
1041
94
98
11
476
80
907
483
661
842
679
875
1066
74
1055
18
648
527
1054
23
345
1002
467
981
127
980
1027
517
1081
244
714
627
140
240
628
38
690
224
716
905
275
976
724
487
90
185
358
1091
898
989
269
878
811
453
1086
568
673
999
1103
416
430
147
537
347
970
34
1084
494
988
1026
400
577
588
1136
855
104
957
4
653
144
399
232
61
553
694
498
1154
41
1104
1089
841
317
852
793
956
1123
340
97
689
219
259
780
20
138
145
804
189
6
616
492
853
428
891
1056
166
485
8
1067
761
572
983
595
902
285
59
415
691
886
1062
1076
109
168
192
380
370
592
122
552
33
968
143
77
277
518
234
364
1007
1137
876
529
594
1052
260
619
84
205
559
512
1008
1127
727
103
148
946
576
440
932
747
447
824
785
377
665
701
256
348
589
519
54
326
149
306
768
366
941
186
438
688
1150
631
390
602
1060
837
664
482
573
329
293
173
153
883
935
967
851
180
361
157
350
220
693
869
42
535
490
221
770
199
791
651
357
47
730
644
523
805
458
1010
295
1074
451
637
115
860
1072
394
647
310
119
1143
322
360
797
461
565
250
238
332
514
307
775
27
571
501
1024
579
423
920
684
1149
280
342
862
335
500
388
654
881
236
809
246
1096
877
266
829
25
749
1116
843
945
543
667
504
885
392
533
1048
334
503
995
16
1035
802
507
723
845
1153
590
1115
230
570
587
382
738
395
866
1034
777
181
1098
918
1069
486
319
88
901
443
178
961
142
297
884
130
123
331
788
418
722
211
441
294
136
581
429
497
833
193
982
585
904
597
209
301
505
67
646
1097
188
187
288
990
781
216
846
35
164
436
1003
1068
754
407
300
89
524
484
657
596
1059
863
662
376
420
346
117
422
1147
972
1011
887
10
191
201
951
291
460
489
85
315
299
434
19
962
241
36
28
1
909
31
419
456
1013
45
121
57
574
162
607
184
9
1077
937
750
720
1145
964
1012
726
931
1108
889
1082
254
72
308
76
251
583
516
1045
324
197
603
630
934
176
769
959
683
814
196
799
432
401
373
491
922
1017
1063
984
69
66
349
165
606
735
264
986
1043
328
362
847
744
249
409
929
1036
966
177
1005
469
969
618
464
49
608
746
979
1110
276
636
155
832
12
2
442
943
1037
375
813
263
1101
739
161
625
538
265
1132
229
822
613
214
107
944
459
105
1049
849
997
253
410
62
513
305
783
337
26
1042
55
762
439
996
1028
262
316
1040
68
363
638
37
481
353
21
281
844
879
971
669
632
1138
1080
194
424
525
146
704
217
398
56
352
958
678
271
1144
835
933
680
782
719
455
463
973
111
215
355
450
154
912
95
591
526
208
1064
1018
765
721
865
321
170
965
371
1000
1020
385
374
402
470
963
323
397
336
15
790
465
63
114
258
743
911
1004
812
330
544
977
696
954
159
710
663
668
896
900
1118
445
252
752
39
677
757
817
1073
488
635
493
51
792
172
338
124
202
827
1121
1044
892
578
298
639

