1 1
2 0
3 0
4 0
5 0
6 0
7 0
8 0
9 1
10 0
11 1
12 0
13 0
14 0
15 1
16 1
17 1
18 0
19 0
20 1
21 1
22 0
23 0
24 1
25 1
26 1
27 0
28 1
29 0
30 1
31 1
32 0
33 1
34 1
35 1
36 0
37 1
38 1
39 0
40 1
41 0
42 0
43 0
44 0
45 1
46 0
47 0
48 0
49 0
50 1
51 0
52 1
53 1
54 0
55 0
56 0
57 0
58 1
59 0
60 1
61 0
62 1
63 0
64 1
65 0
66 0
67 1
68 0
69 1
70 0
71 1
72 0
73 1
74 0
75 1
76 1
77 0
78 0
79 0
80 1
81 0
82 0
83 1
84 0
85 1
86 0
87 1
88 1
89 0
90 0
91 0
92 0
93 1
94 1
95 0
96 0
97 1
98 1
99 1
100 0
101 0
102 0
103 0
104 1
105 0
106 1
107 0
108 0
109 1
110 0
111 1
112 0
113 0
114 1
115 1
116 1
117 1
118 0
119 0
120 1
121 1
122 1
123 1
124 1
125 0
126 1
127 0
128 1
129 0
130 1
131 0
132 0
133 0
134 0
135 0
136 1
137 1
138 0
139 1
140 1
141 0
142 0
143 0
144 1
145 1
146 0
147 1
148 0
149 0
150 1
151 1
152 0
153 0
154 0
155 0
156 0
157 1
158 0
159 0
160 0
161 0
162 0
163 0
164 0
165 0
166 1
167 1
168 0
169 1
170 0
171 1
172 0
173 1
174 0
175 0
176 0
177 1
178 0
179 1
180 0
181 0
182 0
183 0
184 0
185 0
186 0
187 0
188 1
189 0
190 0
191 0
192 0
193 0
194 1
195 1
196 1
197 0
198 1
199 0
200 1
201 0
202 0
203 1
204 0
205 0
206 1
207 0
208 1
209 1
210 0
211 0
212 1
213 1
214 1
215 1
216 1
217 0
218 0
219 1
220 0
221 0
222 1
223 1
224 0
225 0
226 1
227 0
228 0
229 0
230 1
231 1
232 1
233 0
234 0
235 0
236 0
237 0
238 0
239 1
240 0
241 0
242 1
243 0
244 0
245 0
246 1
247 1
248 0
249 1
250 1
251 0
252 0
253 0
254 1
255 0
256 0
257 0
258 0
259 0
260 0
261 1
262 1
263 1
264 0
265 0
266 1
267 0
268 1
269 0
270 0
271 0
272 0
273 0
274 0
275 0
276 0
277 0
278 0
279 1
280 1
281 0
282 0
283 0
284 0
285 0
286 1
287 0
288 0
289 1
290 0
291 0
292 1
293 0
294 0
295 1
296 1
297 0
298 0
299 0
300 1
301 0
302 1
303 0
304 0
305 0
306 0
307 0
308 0
309 0
310 0
311 1
312 0
313 0
314 0
315 1
316 0
317 1
318 0
319 0
320 1
321 0
322 1
323 1
324 0
325 1
326 0
327 0
328 1
329 1
330 1
331 1
332 0
333 1
334 0
335 0
336 1
337 0
338 0
339 0
340 0
341 0
342 0
343 0
344 0
345 0
346 0
347 0
348 0
349 0
350 1
351 0
352 0
353 1
354 0
355 1
356 1
357 0
358 0
359 1
360 0
361 1
362 0
363 0
364 1
365 0
366 0
367 0
368 0
369 0
370 1
371 0
372 0
373 0
374 1
375 0
376 1
377 1
378 1
379 0
380 0
381 1
382 0
383 0
384 0
385 0
386 0
387 1
388 0
389 0
390 0
391 0
392 0
393 0
394 1
395 1
396 0
397 1
398 0
399 0
400 0
401 0
402 1
403 0
404 0
405 1
406 0
407 0
408 0
409 1
410 1
411 1
412 0
413 0
414 1
415 1
416 0
417 1
418 1
419 0
420 0
421 0
422 1
423 0
424 1
425 0
426 0
427 0
428 0
429 0
430 1
431 0
432 1
433 0
434 1
435 0
436 0
437 1
438 0
439 1
440 0
441 0
442 1
443 0
444 0
445 0
446 0
447 1
448 0
449 0
450 1
451 0
452 0
453 0
454 0
455 0
456 0
457 0
458 1
459 0
460 0
461 0
462 1
463 0
464 0
465 1
466 1
467 0
468 0
469 1
470 1
471 1
472 0
473 1
474 0
475 1
476 0
477 0
478 1
479 1
480 0
481 1
482 0
483 0
484 0
485 1
486 1
487 0
488 0
489 0
490 1
491 0
492 0
493 0
494 0
495 1
496 0
497 0
498 1
499 0
500 0
501 1
502 0
503 1
504 0
505 1
506 0
507 0
508 0
509 0
510 0
511 1
512 1
513 1
514 0
515 0
516 1
517 0
518 1
519 0
520 1
521 1
522 0
523 1
524 0
525 1
526 1
527 0
528 0
529 0
530 1
531 1
532 0
533 0
534 0
535 0
536 0
537 0
538 0
539 0
540 0
541 0
542 0
543 1
544 0
545 1
546 0
547 0
548 1
549 0
550 0
551 0
552 1
553 1
554 0
555 0
556 1
557 1
558 0
559 1
560 1
561 0
562 1
563 0
564 0
565 1
566 0
567 1
568 0
569 0
570 0
571 0
572 1
573 0
574 0
575 1
576 1
