344
754
934
508
713
684
857
249
443
413
1054
1012
1147
410
395
1101
580
346
245
653
93
576
971
959
787
687
267
452
818
773
208
83
1031
474
710
92
955
768
914
828
489
865
615
690
212
26
172
57
545
608
308
940
492
614
339
493
357
966
1011
587
1127
1003
907
282
1144
71
21
48
7
1069
670
658
1103
528
504
29
897
196
336
431
878
666
24
486
1036
609
394
765
349
539
826
42
546
235
938
480
372
22
455
736
1146
757
678
430
230
549
980
152
952
659
1018
1057
808
693
795
158
681
1130
1059
40
23
254
450
895
136
864
329
669
25
470
328
540
706
728
843
939
823
47
994
105
1067
1016
378
915
978
944
326
505
320
962
161
468
665
1143
150
720
406
1115
961
629
737
746
780
45
423
623
750
560
948
286
34
180
696
283
527
916
648
625
43
694
514
301
870
353
593
855
191
748
936
225
289
1087
10
949
263
445
886
820
240
177
444
89
792
28
312
550
1049
1096
392
542
1148
730
440
137
779
1132
371
925
6
707
31
281
920
63
37
387
858
271
126
113
850
512
924
509
1136
507
533
338
699
517
634
345
1
54
810
854
1026
714
1064
313
1044
1030
1005
822
319
1150
229
342
1002
541
1100
544
469
285
66
1154
945
408
770
159
412
290
4
998
551
930
761
919
324
967
548
603
1020
274
1135
1137
298
363
111
831
683
749
1046
788
995
519
735
579
1125
1058
941
567
784
888
181
288
99
215
610
964
922
555
262
418
759
12
859
380
1141
592
300
369
198
1113
1075
677
1074
604
248
844
1118
195
475
485
873
992
280
499
84
436
908
425
891
1013
243
316
602
782
315
94
619
689
861
813
498
827
676
594
287
954
1084
569
260
402
179
335
797
731
921
1073
1133
1140
448
771
905
154
635
722
584
777
143
146
157
15
631
467
600
1032
437
999
700
3
692
424
912
457
381
359
117
1138
495
291
61
187
793
459
231
41
379
744
488
786
441
817
591
842
1055
11
758
386
278
95
1119
220
479
957
405
109
1098
200
847
869
128
77
118
640
273
983
214
464
251
435
162
133
189
501
304
1089
776
970
965
1051
911
628
421
1052
465
175
124
169
122
643
536
848
885
463
703
762
726
209
127
807
269
882
899
872
234
852
323
166
876
383
849
1108
918
360
385
660
284
732
647
803
73
1056
307
153
892
705
18
272
717
1001
439
668
796
252
572
840
839
365
451
222
657
794
239
931
1094
125
933
702
825
715
511
91
607
454
775
456
108
577
414
1037
745
709
719
585
460
639
1025
250
376
1085
38
1029
1048
778
411
352
305
616
199
403
790
898
518
102
1041
563
769
302
716
1050
1092
712
204
279
611
258
605
8
896
119
571
800
377
725
622
1111
538
708
582
697
1090
1149
348
364
228
1091
516
151
100
1022
626
197
358
366
597
904
442
866
928
79
1014
806
984
589
534
565
621
838
860
156
192
306
168
946
343
923
837
662
1114
649
890
917
216
935
1065
588
727
433
617
772
985
62
733
310
846
131
799
663
642
960
487
975
417
96
884
785
947
688
419
646
246
201
294
1024
120
867
275
112
655
33
903
1151
691
1102
889
193
723
894
1017
428
494
988
101
221
875
500
330
264
1009
738
718
217
36
783
760
830
1095
266
900
382
223
355
292
529
1066
178
893
132
879
174
361
862
17
103
1045
67
129
1040
1129
299
13
205
19
144
929
781
554
27
404
739
14
1070
1112
1107
259
110
142
398
636
752
1123
656
206
523
724
802
632
370
990
561
624
969
1023
318
977
303
958
637
520
1086
1139
16
420
543
88
553
537
422
160
832
1126
1079
1063
270
268
1010
462
618
841
351
1060
293
502
753
868
337
1038
116
531
9
190
341
69
78
356
1019
1097
2
483
399
134
1117
573
391
347
809
123
188
340
583
926
393
484
812
80
401
613
829
743
881
1061
322
39
491
473
535
236
429
956
645
53
75
675
877
1021
834
145
183
64
1106
575
863
1153
374
552
651
327
59
627
982
350
70
447
729
434
734
756
814
987
680
167
477
277
997
661
82
590
937
87
98
973
438
237
564
241
114
695
496
202
557
334
566
1028
664
880
798
471
325
184
633
362
194
226
104
671
35
902
90
630
742
836
558
141
581
186
296
1122
1068
407
185
309
1076
821
373
60
461
390
1081
354
81
314
375
1121
138
1109
515
883
686
503
482
76
170
1071
1033
845
1152
297
764
641
409
50
586
789
333
135
481
673
751
295
478
871
207
472
570
1131
74
578
388
211
58
32
453
811
1134
426
1039
526
598
942
606
991
163
506
49
130
906
701
85
331
943
993
490
1062
1093
218
121
427
367
1078
203
595
276
1043
976
612
804
963
1083
171
685
816
213
741
106
415
674
1120
721
257
139
989
1105
449
766
927
233
981
149
824
667
763
979
107
652
396
568
140
147
562
682
247
255
1124
574
1000
311
559
466
1128
740
1053
182
72
524
219
901
644
1015
265
1142
321
638
389
599
52
432
1042
1110
1116
1099
5
513
791
317
244
909
996
620
384
521
86
0
698
51
650
400
974
176
1155
1082
711
596
224
525
210
332
819
913
679
532
932
815
148
986
774
1077
856
755
556
446
232
953
1145
115
1034
801
887
704
1080
510
951
530
164
1088
397
68
458
672
833
1104
238
972
601
968
97
1072
1047
910
368
476
227
805
1007
1006
165
874
767
261
1008
65
416
46
30
547
173
747
1035
55
253
20
835
654
44
155
56
1004
950
851
522
242
497
853
1027
256

