887
963
236
927
834
632
1095
129
346
654
349
1128
541
620
874
604
208
1118
837
329
1138
375
1155
972
998
251
786
17
1023
382
96
202
999
342
1068
444
534
665
997
918
1025
597
475
333
116
1054
603
416
1013
312
792
488
714
926
677
86
1154
916
721
93
338
367
285
1050
672
682
769
486
675
827
910
591
760
1129
599
404
758
297
135
166
514
69
621
33
905
218
616
171
574
873
539
152
191
879
60
779
633
791
23
328
270
584
1058
840
250
838
1055
865
704
1104
692
743
648
770
81
246
198
336
955
1119
702
850
235
378
189
664
74
581
122
915
775
627
1108
538
1152
1059
842
936
595
803
797
807
641
841
308
239
156
14
979
351
788
562
831
419
747
615
304
872
751
402
406
1065
477
462
836
381
659
909
932
364
765
229
263
982
227
427
1020
1072
113
206
105
815
300
801
586
501
466
377
969
557
642
1045
499
1004
624
701
374
62
140
975
194
520
1145
417
662
739
458
411
354
629
493
933
951
1011
428
971
1052
948
68
938
461
240
380
563
750
399
609
1136
1151
867
1016
733
589
1125
315
480
408
516
54
1038
259
489
314
808
260
657
892
505
298
1015
852
481
507
884
911
41
228
252
1087
299
167
280
908
30
968
745
776
394
1037
384
32
474
579
663
254
875
1048
117
92
256
264
51
47
290
530
72
939
639
1107
121
774
8
281
705
564
686
718
859
172
491
1053
529
929
455
261
861
390
883
912
860
400
84
771
100
816
70
309
495
1056
295
698
348
66
789
365
1142
921
719
880
825
707
753
29
238
725
44
294
265
685
531
691
158
646
992
347
123
864
634
1109
148
268
441
558
178
355
617
519
899
247
456
197
267
170
89
1093
1094
1030
568
25
1135
37
737
1114
780
184
283
274
241
1049
1080
1031
843
726
305
286
652
1137
1112
504
1110
689
645
849
55
732
523
524
532
147
619
157
668
64
359
1017
126
435
679
39
27
248
500
50
706
889
418
778
78
476
930
703
799
994
1071
536
230
245
132
420
572
357
734
284
233
742
546
1009
1077
886
253
358
1121
730
1099
588
448
138
467
21
433
403
343
395
835
10
605
935
809
95
980
85
130
1021
1150
150
6
1057
866
983
946
387
566
802
783
644
7
506
839
460
77
496
136
694
903
73
637
829
608
232
693
83
553
415
548
289
552
521
368
107
128
537
1146
79
1000
740
302
457
334
544
952
806
818
602
587
211
542
945
429
276
986
52
200
854
708
503
949
1044
582
661
1106
88
326
832
922
1008
484
20
90
853
183
379
814
164
422
970
748
660
1116
1131
137
543
528
431
976
327
590
1078
103
1101
688
1010
366
985
540
151
822
383
687
195
728
430
410
856
1084
464
823
796
1096
266
651
22
1012
522
187
472
678
738
111
943
388
38
575
131
573
149
3
920
1063
628
673
724
610
924
735
1124
470
931
925
478
141
1081
386
190
473
991
870
967
120
904
928
104
729
601
220
555
513
492
690
996
1102
91
421
810
937
862
754
237
942
425
1123
144
1083
583
125
741
782
846
165
900
551
389
845
962
964
1018
169
450
640
833
1061
1070
1097
487
1040
210
225
291
203
498
902
547
895
1153
1120
392
360
727
301
13
953
423
995
855
369
205
4
262
793
71
292
598
577
12
533
549
913
306
517
508
146
407
1046
188
412
869
436
145
713
871
578
919
1003
773
5
446
512
273
1115
59
401
570
1001
385
550
525
409
824
1089
813
625
710
174
439
221
207
966
950
699
947
35
1090
396
891
545
830
790
193
216
1091
288
219
24
278
666
1032
981
1066
57
736
881
798
684
596
46
715
1126
901
215
717
965
317
63
565
287
611
325
961
97
821
255
469
271
638
656
978
373
181
772
722
868
828
716
1002
1130
173
800
502
112
511
163
580
0
877
1075
585
923
442
1019
1134
993
882
34
749
794
485
917
201
1027
114
1147
643
322
934
898
231
805
761
160
443
977
168
15
192
784
763
465
28
344
1082
876
858
143
459
561
482
1092
576
223
857
67
397
647
452
650
56
1060
709
76
826
914
509
324
669
658
224
614
626
556
571
893
293
569
316
98
1062
110
674
440
269
1043
424
372
437
712
242
764
337
606
817
176
1127
720
940
885
109
447
332
323
723
226
844
974
16
175
118
99
43
888
1022
612
36
896
445
848
356
515
863
213
398
391
785
479
497
40
139
277
618
1074
65
311
26
1085
296
102
907
303
1076
414
960
154
787
1149
353
1098
249
560
212
405
759
1042
1148
9
941
944
222
1024
957
209
622
80
956
1143
339
766
1005
119
1007
804
894
959
1144
321
204
756
124
243
335
87
94
1141
494
1047
350
282
676
153
559
45
362
18
847
48
11
162
53
890
1103
320
777
318
1113
161
510
1026
1079
451
449
635
1041
752
667
101
526
257
1036
1067
134
453
600
781
812
61
352
393
234
438
177
490
593
258
159
851
1014
376
106
768
649
310
731
186
31
696
434
988
744
468
432
319
217
363
700
680
1122
1033
695
518
1088
340
214
1028
1051
697
819
2
1006
1035
767
426
535
746
331
370
954
142
275
990
19
1086
878
613
330
906
361
1100
631
180
49
182
757
897
683
179
1140
58
1039
762
371
313
670
244
1139
185
958
133
681
1105
75
820
973
567
623
471
1034
671
653
636
483
463
1069
155
755
42
345
554
607
1111
82
115
592
1
811
341
711
1132
272
1029
307
1073
984
199
1064
196
594
413
989
795
1117
630
454
655
127
108
527
987
279
1133

