64
408
400
551
423
1126
335
1112
102
1073
857
1086
1009
475
158
433
798
265
733
369
991
718
61
667
418
751
217
755
500
21
45
52
1070
336
638
971
161
427
409
899
223
752
170
269
206
101
1152
543
68
689
377
959
1128
994
108
898
788
348
960
407
862
363
865
175
464
435
978
1095
48
281
43
4
977
928
55
584
225
384
26
962
322
120
455
530
1081
388
169
892
1137
642
87
314
825
119
207
856
1090
34
316
945
558
273
889
94
490
1111
715
430
9
496
576
1023
240
226
272
284
1008
277
1002
1029
310
774
1047
80
886
1042
572
1091
205
229
625
297
283
533
902
526
876
596
389
723
446
516
486
122
434
1045
60
877
737
821
841
59
480
368
1148
192
686
152
519
156
992
779
1030
834
137
364
531
537
919
77
95
238
714
100
713
1018
660
965
37
334
655
842
198
298
907
839
19
738
1001
267
1013
190
887
555
1087
484
875
262
1110
386
833
996
943
947
485
633
415
398
948
208
81
527
542
997
867
474
487
447
1130
545
525
200
79
287
300
383
930
1103
993
270
923
595
1043
7
675
535
187
178
747
933
1134
861
172
654
929
1119
528
173
396
343
1048
970
432
681
143
163
969
214
0
585
663
261
682
431
666
915
952
252
1094
615
621
846
74
768
340
403
953
838
904
337
138
494
955
790
167
900
652
437
732
63
966
6
448
183
328
1056
507
610
166
669
1099
847
258
1101
678
1060
69
84
1123
605
1046
581
956
201
155
1132
83
1143
303
1076
665
25
1088
661
234
940
758
1138
926
546
1142
1057
677
1035
649
213
826
938
641
268
366
1127
420
1078
266
700
397
692
457
381
753
935
557
504
789
147
51
117
647
133
912
1049
591
963
762
708
717
896
44
811
347
942
760
471
253
472
32
232
922
957
1012
618
105
961
20
286
578
513
2
532
976
508
247
627
1010
168
56
941
873
568
1145
1063
502
570
727
410
451
908
523
1084
556
189
76
327
644
35
721
840
849
950
539
958
31
688
196
54
70
13
91
662
769
331
160
1025
296
988
540
209
773
1038
1044
493
880
371
571
592
783
216
46
802
473
339
917
449
1107
634
492
1
195
913
458
99
801
235
479
620
219
656
274
593
984
924
378
1016
936
422
986
349
544
97
145
891
848
858
837
725
98
374
146
602
256
424
864
612
385
1114
785
844
823
382
326
630
5
707
1053
739
623
250
645
872
805
698
313
39
690
653
295
362
866
306
888
879
670
606
294
1004
806
674
804
632
210
263
1033
85
419
696
1028
553
259
71
180
179
515
1080
465
16
171
547
672
1050
559
1041
184
1032
428
787
276
1100
536
1005
1026
254
1054
890
29
299
981
640
330
884
380
983
679
288
394
729
931
452
827
50
468
27
813
450
870
895
795
749
704
353
1003
1066
456
807
792
735
731
745
165
809
1109
680
830
30
128
467
921
995
345
73
182
573
1122
88
491
1093
590
257
1067
1077
489
372
141
684
563
832
566
695
639
579
973
937
1027
1065
676
1062
878
470
439
685
241
1105
1124
15
934
134
521
10
979
96
522
815
131
82
854
1129
816
129
764
852
1014
673
650
818
264
426
280
742
909
756
106
916
466
577
417
66
1052
255
399
391
497
140
819
772
720
1092
28
243
1121
906
177
829
998
719
828
289
594
800
603
771
968
1015
628
1125
393
885
317
562
631
658
561
109
1034
153
293
1006
1051
1155
883
251
404
775
115
181
664
918
333
582
402
245
354
728
151
724
444
567
607
608
824
748
14
1113
113
574
1097
390
441
598
925
549
112
103
1059
777
442
1037
989
162
1141
290
212
799
124
882
763
411
1072
1031
357
324
275
460
1146
164
534
139
356
597
174
538
309
118
376
116
744
149
1000
302
438
808
346
564
1106
193
903
360
1098
352
78
911
850
657
57
1153
246
954
233
125
285
636
203
944
812
194
512
990
569
1144
712
589
691
344
949
231
734
778
583
817
1058
793
761
159
701
461
851
550
148
794
33
1131
186
781
86
782
42
321
651
703
279
1021
176
215
565
881
914
65
150
110
459
757
338
477
548
1022
1019
972
413
730
483
635
332
709
236
668
93
1154
498
1149
510
130
974
710
329
939
62
845
305
604
412
1079
443
791
1147
17
358
416
927
1085
505
517
1039
204
617
53
863
1089
1068
318
1082
1074
1108
304
282
736
291
445
49
307
482
142
429
228
770
11
554
967
249
575
24
726
1096
224
406
716
622
964
462
614
355
1116
1024
1102
1017
1115
626
351
619
144
616
227
395
104
659
509
759
1061
47
683
308
188
1117
874
237
506
311
987
463
260
1118
350
341
910
946
58
1139
157
643
342
520
814
476
185
365
951
230
1075
1151
248
323
503
868
3
786
488
835
920
646
121
89
191
780
312
754
637
436
822
541
67
803
560
1140
750
242
197
202
609
601
92
271
588
221
529
587
401
41
218
611
855
440
75
123
897
387
706
859
932
1007
90
425
18
222
469
702
1071
379
501
697
72
127
244
154
499
518
722
495
1120
624
135
220
975
741
478
869
392
359
831
40
671
1133
871
797
320
292
301
905
199
414
481
1064
325
1055
711
820
980
361
552
1150
765
648
511
1020
373
136
370
810
860
454
1136
985
239
1040
524
114
836
111
1036
23
613
699
894
901
599
278
421
767
796
8
705
367
22
982
12
694
1083
740
693
1104
405
784
1011
629
211
1069
580
514
375
766
126
743
315
453
687
746
600
586
893
107
36
999
38
776
132
843
319
853
1135

