665
669
658
243
145
1152
238
1139
161
383
391
183
615
989
1085
98
591
1048
270
1056
187
362
911
47
820
621
861
268
167
870
170
564
842
505
273
342
1136
46
1011
425
307
433
743
838
75
35
957
38
509
244
811
691
350
642
325
787
235
1118
589
992
775
144
157
132
1004
1065
1109
978
304
275
312
720
488
400
671
582
269
63
702
496
610
764
789
998
983
82
918
632
158
259
1042
411
419
1072
224
349
484
748
546
78
1082
521
207
675
968
117
897
399
875
503
329
774
439
219
537
175
1121
793
407
70
1080
962
359
939
631
226
815
646
772
595
393
366
1050
53
382
511
573
555
872
1075
984
324
343
363
1155
796
436
49
357
917
766
577
1067
48
441
956
849
727
1066
1002
614
993
534
879
884
190
1016
336
440
856
163
5
334
280
456
416
824
234
827
1117
1060
1070
797
418
936
1081
150
364
392
446
654
203
791
882
1018
834
760
1077
508
331
378
769
228
1008
814
454
767
1037
901
999
164
795
1012
596
750
981
11
752
54
296
402
202
653
1021
686
854
315
185
493
867
1029
629
442
57
559
435
930
825
478
155
895
422
140
648
127
368
951
924
463
340
553
1030
828
209
963
462
43
351
1105
122
104
1124
101
14
356
1079
13
430
927
524
597
1129
572
380
804
276
863
948
239
395
1051
588
1130
926
923
966
370
245
1154
731
355
1035
618
1097
173
1112
427
237
950
887
645
31
461
348
69
974
712
345
685
1144
181
1099
141
965
929
396
322
790
504
200
586
574
740
1100
756
186
502
500
1040
941
335
599
680
894
1147
137
447
656
643
76
802
1020
1076
260
206
94
771
858
634
694
635
81
118
517
33
1133
240
893
486
862
668
952
878
688
102
525
1046
522
171
672
450
67
72
1032
142
371
386
431
1041
738
42
510
638
816
99
717
1005
928
739
390
88
749
601
547
892
1088
1014
1026
469
381
900
512
528
864
108
982
759
687
90
1000
1127
1068
41
907
871
710
594
716
293
344
19
89
128
1101
146
217
877
583
953
387
7
833
83
613
560
353
417
821
683
513
1116
299
376
991
196
881
889
698
598
394
515
495
474
165
110
444
406
465
942
246
211
52
994
747
151
651
467
143
637
1015
379
931
848
579
600
261
623
17
620
28
958
938
401
195
131
29
606
272
746
26
722
23
633
955
762
192
1019
1145
256
584
526
602
737
682
692
979
227
677
404
1143
937
552
1107
801
707
472
826
561
1006
859
662
1149
95
1093
420
332
248
1114
757
481
470
777
975
267
251
535
997
883
84
853
458
457
657
831
346
303
912
869
116
1150
494
92
475
659
287
1084
705
1113
715
32
990
778
664
786
973
604
160
174
703
489
919
540
817
415
954
549
946
530
149
724
800
844
904
130
193
177
55
810
782
58
650
59
120
706
906
617
921
545
855
1140
898
434
180
896
721
191
1138
148
451
254
290
608
626
987
210
491
12
103
412
960
113
1106
111
258
62
652
501
453
708
1031
2
736
301
437
225
1104
571
519
39
205
499
544
980
841
967
580
154
818
972
619
6
873
282
409
776
1126
1073
1033
135
1090
995
751
326
129
25
15
169
788
1009
24
538
819
735
839
1094
455
933
868
719
309
262
678
471
728
734
543
319
438
302
375
812
16
813
988
354
189
199
96
964
940
482
699
168
663
781
1148
1034
961
221
729
147
949
214
314
317
701
1123
730
674
840
616
277
1125
310
291
292
1054
1111
281
213
490
554
1028
822
851
468
609
284
1024
73
770
365
1036
518
660
473
745
865
576
754
87
124
830
107
428
845
220
1053
487
60
1098
785
741
51
64
1122
1092
159
80
539
575
641
636
311
550
485
410
86
264
507
432
986
910
852
71
27
308
529
278
527
1022
56
1043
194
136
568
971
66
408
61
289
339
536
704
640
216
920
421
1055
294
1058
222
327
935
590
548
846
1087
850
112
1119
288
20
305
531
557
806
516
397
667
1038
152
944
114
138
888
847
798
223
713
21
231
100
922
874
523
661
215
1007
913
263
556
253
903
1153
252
330
255
93
257
285
479
212
271
133
1091
1115
905
758
372
565
1108
232
126
916
197
700
1062
934
1057
647
198
323
1083
809
807
693
377
1103
201
1
624
286
711
880
34
184
1064
607
1151
321
799
829
630
10
628
718
1047
476
603
65
1017
558
320
520
316
115
773
681
109
570
625
37
492
337
36
676
587
423
250
236
1141
627
424
612
105
763
1052
1096
1069
68
403
506
803
179
106
563
429
414
925
176
977
233
249
218
947
1027
452
318
44
369
723
77
1044
91
97
996
405
695
742
0
241
85
18
1061
890
333
373
384
649
247
886
313
684
976
885
297
1001
153
295
338
483
389
40
733
578
1110
1074
1120
908
605
835
914
22
783
562
265
328
306
480
611
689
551
230
780
50
891
755
464
367
697
533
857
666
899
266
497
4
970
121
449
1134
242
1039
352
182
959
172
274
79
398
298
9
792
3
360
805
768
581
283
744
204
622
498
655
843
837
679
945
388
178
985
644
361
732
477
1128
300
123
943
673
696
709
1045
566
909
532
188
466
876
1023
569
690
832
823
794
779
639
166
229
1102
134
443
753
1086
784
413
374
8
208
162
726
514
1131
30
915
445
567
1013
860
1025
541
279
808
1063
1059
714
969
125
1142
1146
74
1137
460
585
1095
932
139
459
426
1071
1089
765
119
1132
1078
1003
1135
761
902
670
45
593
341
542
866
156
592
725
836
448
1010
1049
347
385
358

