549
1072
466
909
779
1107
271
658
34
570
491
29
1005
64
19
1103
637
93
274
738
1051
88
31
1134
1060
534
635
966
646
667
84
718
926
1055
847
632
269
372
1135
699
712
764
752
623
83
788
96
132
151
545
959
37
904
757
260
573
1069
155
598
654
504
1067
815
973
755
149
247
997
602
772
777
145
1126
32
877
640
1053
1123
617
63
900
634
369
803
960
961
30
541
829
615
1084
3
831
1125
1014
643
593
535
1093
1154
1034
243
252
143
553
254
577
197
968
177
516
992
86
120
559
114
1042
751
405
583
730
448
596
1087
649
812
358
303
1003
1130
1056
514
671
951
79
826
501
673
791
622
822
415
578
1113
1132
1040
524
902
717
823
113
955
399
378
1052
857
566
526
499
340
610
262
90
949
956
377
119
925
445
980
238
467
919
906
606
400
595
682
22
911
830
849
226
614
156
569
322
367
744
91
707
995
901
1097
310
636
561
281
386
727
510
889
41
209
104
633
309
1144
1098
163
420
1013
298
316
879
433
761
620
550
987
263
932
762
261
344
538
70
460
543
675
388
750
724
98
552
862
1048
941
695
1081
236
426
785
871
908
455
191
291
339
1075
363
348
39
76
59
969
87
893
588
844
720
795
587
839
1068
82
1080
921
1131
734
786
55
485
948
629
539
402
1082
621
604
150
806
740
814
456
20
965
251
205
319
1074
914
865
709
723
172
207
442
1118
1095
627
697
284
289
408
1142
361
940
452
11
219
345
511
42
23
863
907
571
1049
756
910
101
360
838
4
203
759
1031
920
685
542
108
68
897
1145
307
215
854
107
594
458
1138
811
589
25
141
922
468
349
782
998
24
639
72
389
1091
71
313
963
1088
1086
678
62
1041
229
982
912
1061
373
487
737
858
259
51
315
476
437
630
494
1025
860
721
268
505
1120
661
478
365
136
188
513
77
341
189
53
821
124
465
1152
547
1071
778
945
436
43
67
225
1066
311
852
352
522
317
714
648
663
787
892
272
211
657
250
659
585
35
204
286
285
438
591
1137
275
702
324
278
421
967
425
872
618
819
1043
560
867
1022
1092
985
1008
1046
406
1077
706
1011
1033
244
463
644
975
701
760
1018
233
713
533
1024
935
439
194
933
882
733
118
743
741
7
567
15
308
1029
798
154
474
1083
417
92
391
314
820
376
903
329
131
337
1019
608
305
212
18
628
186
631
480
381
401
886
835
1028
562
326
139
223
1015
1059
290
198
451
500
1089
809
1054
121
875
161
794
200
464
509
112
1122
183
546
28
913
810
128
996
152
936
792
1000
353
355
0
230
728
726
1062
974
325
416
1119
270
958
142
1096
327
258
1104
800
650
507
153
766
767
625
613
1127
393
735
824
565
78
379
280
868
384
1148
277
336
853
981
257
1020
1012
575
653
856
832
173
666
21
279
443
1151
242
1139
182
306
413
765
1143
299
1109
986
359
1035
983
475
8
679
362
600
293
137
347
840
296
674
808
518
899
342
774
234
346
292
880
138
54
944
710
333
61
331
489
159
506
952
827
1149
739
81
407
1141
930
256
17
742
828
1100
1112
140
855
859
994
174
44
1039
843
103
942
696
435
993
683
26
887
976
375
395
517
85
133
873
528
134
447
441
483
123
115
905
582
12
579
896
599
321
370
127
894
590
1136
498
688
991
1129
1050
603
1021
1038
655
793
1090
1032
876
287
703
304
1078
807
168
851
422
988
1073
481
564
929
939
110
769
797
705
990
681
680
848
923
109
770
409
166
366
841
1006
187
193
404
253
931
33
1009
411
1146
334
684
984
459
515
264
382
816
462
568
521
335
619
246
881
732
715
167
392
817
414
116
192
1027
332
354
495
530
790
753
73
457
1155
672
584
351
95
380
294
1108
158
1124
1102
27
430
214
231
523
471
228
1064
768
371
89
692
954
1063
181
612
802
520
1140
449
122
642
199
74
531
60
999
878
403
410
837
394
338
486
773
1106
1036
664
217
605
397
1121
647
195
130
775
424
502
1110
805
213
266
295
1099
554
477
249
312
783
850
434
472
111
1153
232
185
525
170
453
461
607
94
870
444
105
175
66
665
927
446
748
497
885
428
979
75
117
418
670
390
427
716
736
16
624
869
638
440
146
1111
227
558
725
784
49
412
1065
957
977
1057
563
490
106
711
749
669
216
9
52
1037
1150
176
776
651
450
100
492
915
937
708
97
556
241
196
700
950
601
1030
1058
165
202
747
581
102
799
677
1017
576
789
48
432
1133
356
946
532
5
135
1023
255
300
157
206
804
58
1076
46
169
473
686
282
1004
14
493
704
398
357
248
938
1010
763
396
1115
722
273
1079
288
866
235
801
503
318
818
813
943
221
1026
125
69
57
350
1116
47
754
36
845
883
916
210
1007
160
833
220
323
527
283
129
265
454
846
1147
842
662
781
656
1117
431
171
343
1105
423
484
694
551
834
626
218
861
691
555
429
771
540
1016
597
10
731
746
1
592
580
1047
934
745
947
237
1045
693
385
719
1114
895
387
1044
508
660
222
796
512
687
383
179
180
698
1101
668
891
40
962
641
1002
989
544
364
245
689
297
374
50
918
208
469
928
224
574
836
276
537
56
676
616
953
611
898
45
970
890
240
548
368
164
496
874
126
162
99
609
1094
519
178
302
239
301
690
267
888
488
1085
825
978
184
971
80
864
470
320
479
645
586
6
780
972
557
917
190
1070
328
884
147
758
419
144
1001
1128
529
65
2
572
652
536
148
729
924
13
964
38
201
482
330

