216
1150
838
898
998
755
1072
115
963
975
1023
1041
976
749
624
1013
1124
1145
682
748
771
843
197
1029
148
1056
255
722
347
938
875
405
250
640
687
66
1146
508
912
793
545
70
1054
398
176
491
1062
529
804
747
732
840
61
890
436
855
143
69
957
971
377
489
359
326
1068
99
742
842
664
751
200
604
1099
208
26
623
1075
918
647
701
872
536
928
871
879
75
1141
1080
277
864
372
666
598
236
863
591
371
815
218
312
956
450
396
299
9
513
191
573
615
457
235
352
1014
440
854
402
827
408
279
392
709
759
1114
295
929
211
721
1033
805
164
82
706
931
934
239
14
331
1151
19
942
767
271
220
850
234
52
658
38
684
497
280
800
649
105
101
595
161
60
434
1107
104
530
567
907
439
1113
1004
318
628
358
914
616
422
1144
832
149
668
226
1104
488
648
411
790
343
36
367
653
692
688
241
1064
322
978
853
418
409
125
944
1011
675
378
1044
651
335
818
856
750
179
307
1139
177
219
472
432
713
523
5
348
564
217
948
23
35
650
602
455
186
781
301
892
495
1147
718
459
660
444
627
902
160
704
575
638
278
247
357
232
401
338
548
1137
689
206
652
503
984
224
1059
302
448
360
597
1097
730
1031
515
539
806
253
100
811
284
757
174
461
103
1111
797
509
498
275
1053
51
1131
298
479
127
257
199
500
137
683
710
477
332
837
569
543
620
780
889
846
577
561
522
328
1155
259
1128
308
63
870
1103
960
941
1039
483
4
33
520
943
792
719
641
446
1085
996
924
629
987
12
62
812
78
43
135
596
159
13
346
625
77
80
147
964
365
435
1006
810
795
254
380
801
385
833
819
705
740
286
845
464
610
175
979
995
189
676
415
1096
1093
297
634
613
215
903
1079
786
65
162
204
816
657
282
341
1070
242
1118
150
153
309
473
885
617
305
290
679
1101
988
899
145
468
138
144
715
993
214
37
1016
894
264
139
184
989
285
1130
419
165
447
90
691
183
428
643
351
404
462
997
256
910
763
393
1127
1102
288
345
952
632
516
21
775
607
962
340
762
110
546
585
798
1108
887
584
925
904
915
1035
354
266
873
587
958
555
431
1066
193
739
586
696
813
1105
1078
861
897
423
246
28
251
319
983
437
1071
891
563
614
429
817
168
233
180
831
420
727
471
901
39
612
857
878
809
154
558
820
702
549
88
1088
496
880
142
209
122
407
58
1018
313
565
366
47
946
262
249
1117
655
54
821
609
825
106
185
296
231
852
528
544
120
221
882
381
974
342
888
281
108
505
117
293
383
412
94
303
364
717
452
547
50
521
156
379
102
716
237
287
1036
300
1015
526
109
112
970
32
961
195
31
590
425
387
645
930
999
1063
55
927
807
74
258
764
81
1148
947
824
574
333
690
68
456
171
169
554
132
808
659
646
673
829
1142
1007
361
229
0
1003
541
769
116
796
726
17
349
637
729
71
1002
187
492
201
794
460
272
126
756
542
849
814
410
205
433
580
592
611
663
20
969
151
746
330
98
172
213
936
951
1017
304
6
991
578
594
1082
394
453
173
1081
16
390
994
953
499
155
57
633
707
753
192
532
916
121
265
228
896
551
395
765
1135
681
531
270
1045
1027
441
599
329
656
654
119
79
449
1077
85
600
665
783
388
905
474
263
41
315
49
828
985
779
754
355
1091
350
981
30
494
146
973
741
426
158
181
124
45
1051
1060
533
1138
1055
1133
314
416
1084
1037
129
487
406
537
560
89
517
244
72
920
24
734
1143
568
1043
463
1038
724
465
413
467
618
839
34
725
1032
190
504
202
274
325
784
699
482
76
703
291
240
2
317
188
414
538
909
15
778
212
877
178
860
835
635
334
1019
752
96
1126
935
966
130
967
626
97
1061
802
321
194
636
1021
535
1089
389
761
210
363
123
376
630
791
881
311
382
527
1154
582
369
566
672
140
955
443
203
639
785
223
485
268
451
289
196
1092
42
1090
859
261
954
87
698
661
493
1008
830
758
3
1058
694
858
986
114
136
95
605
91
511
182
157
1065
40
677
571
579
1106
1083
1076
841
374
559
848
427
570
1119
662
1122
693
826
310
937
320
695
900
152
93
1069
245
478
712
644
745
1047
606
469
252
344
46
48
27
225
788
25
678
1030
557
442
622
397
671
965
445
1098
847
134
1057
56
980
680
553
1040
562
73
118
913
1120
269
339
1049
1100
959
525
572
323
222
866
686
131
601
728
822
731
621
1022
773
22
502
368
1010
992
776
283
737
1073
777
167
619
512
844
230
1152
391
83
29
919
490
294
53
945
421
883
972
519
133
939
44
1005
481
1134
669
1087
476
736
588
163
1028
1129
868
534
593
926
768
1149
86
642
670
789
876
1025
744
1121
874
1132
733
917
1153
10
486
862
306
403
697
327
243
711
674
458
581
484
906
514
417
18
723
743
667
470
1123
552
1095
823
373
362
337
968
1050
884
1074
353
589
1048
64
113
685
774
1052
400
8
128
501
1020
438
735
316
430
631
1112
267
198
834
1024
248
608
738
583
386
990
11
207
760
170
356
166
908
1094
1109
923
384
399
886
524
475
141
799
510
714
1115
518
895
67
556
1009
720
506
292
466
977
836
1136
770
867
940
911
1067
540
1026
851
1110
922
1125
576
803
238
1042
324
550
1034
708
766
507
1140
370
276
1
59
933
111
424
949
107
1086
1012
700
84
1001
950
454
787
869
982
603
480
1116
1000
865
782
273
921
7
893
932
336
260
227
772
1046
92
375

