758
51
1116
1060
515
679
699
1102
566
385
154
665
210
728
1128
617
666
557
284
197
338
264
376
950
349
1078
482
409
978
1062
1097
707
985
888
653
680
1119
610
265
93
410
698
214
981
672
499
1021
570
199
583
507
367
673
556
138
1151
659
169
701
625
993
855
815
894
897
1053
1056
38
644
306
915
832
500
414
431
204
509
313
427
799
434
221
914
974
220
558
927
420
184
554
795
491
208
1135
991
944
183
693
412
750
424
229
165
715
1022
224
748
660
970
4
378
363
595
403
167
639
377
97
109
159
1138
751
1016
848
770
1030
52
606
761
983
294
911
1139
455
150
280
952
185
8
130
643
912
1090
481
789
181
1059
1136
627
827
437
182
143
577
198
186
114
1014
277
487
444
519
670
217
225
635
271
580
231
1077
598
333
812
904
384
543
641
256
120
1132
878
851
774
561
329
884
335
1020
49
998
419
124
203
738
492
785
2
60
880
36
1043
811
279
1041
206
611
841
104
638
862
486
1146
790
762
535
899
1121
943
1095
63
857
685
810
343
387
191
1142
996
866
82
269
712
348
502
237
501
525
813
919
61
522
536
624
296
836
89
540
633
42
737
103
596
86
77
357
949
389
767
575
48
395
21
1036
764
1144
262
1150
1006
144
466
934
1145
835
288
272
962
1110
476
310
255
739
353
260
153
511
336
932
735
845
1009
506
106
677
176
754
802
113
309
901
968
646
825
213
429
478
582
276
472
334
1047
786
821
839
119
283
164
341
342
117
240
1055
168
158
892
360
398
123
704
826
565
920
882
126
1154
1008
788
843
16
96
768
879
56
1127
141
755
1054
188
1063
544
37
871
881
922
328
957
69
27
636
819
24
831
578
756
319
924
1011
1104
146
108
390
510
966
972
1066
602
1092
545
1126
910
746
759
947
26
1045
245
340
853
102
40
1070
1123
529
671
73
875
681
734
118
612
822
933
362
227
938
988
137
312
345
804
407
399
249
100
1010
1122
1081
443
642
979
15
78
727
521
667
1049
464
574
166
179
1120
801
1083
230
304
859
315
318
173
263
586
33
215
301
274
937
961
235
604
883
67
931
125
247
161
885
620
136
289
425
361
493
1152
867
592
92
986
1071
969
439
453
628
1019
241
951
497
248
209
719
1002
779
415
573
460
589
814
896
10
90
886
432
11
579
59
674
997
569
700
1091
658
1065
305
907
629
1124
65
796
94
684
654
267
975
622
219
793
459
469
222
151
526
623
657
541
824
792
416
12
982
528
1099
479
373
597
706
837
870
965
668
13
461
765
650
889
613
1057
902
456
71
776
926
148
278
91
68
447
834
374
1129
903
940
99
194
1076
745
388
787
131
742
1147
921
218
39
87
562
332
202
1141
189
551
675
1140
474
22
1137
1103
928
418
900
192
397
323
257
1075
446
730
145
452
1040
394
171
829
994
34
838
856
80
640
791
157
708
485
820
868
725
584
480
547
187
35
530
784
807
616
381
1015
433
79
358
180
630
694
1114
417
599
682
1064
687
359
1096
722
250
1035
411
656
1111
53
55
555
346
548
913
941
205
449
721
163
817
95
691
275
695
238
773
1153
864
663
760
291
477
549
615
744
246
1130
955
959
1034
609
1033
1023
533
621
818
201
538
140
54
29
860
9
396
216
939
74
601
423
696
830
223
1107
803
1005
316
75
854
101
84
112
692
1000
298
537
170
404
445
88
794
1074
714
806
976
1024
559
324
958
546
31
28
608
85
475
766
1038
383
1048
413
1031
923
1093
564
709
458
370
232
942
513
132
711
435
211
743
726
297
503
19
581
898
253
311
887
330
299
747
733
1080
876
893
634
1004
1007
352
212
973
196
0
690
448
869
354
563
593
925
72
753
930
956
98
844
637
228
780
1026
1134
935
441
3
351
989
331
514
552
703
572
800
20
1013
568
1003
783
18
686
273
308
587
70
190
463
908
984
512
382
1086
524
518
23
720
809
1028
990
953
631
307
850
320
129
380
364
207
286
50
647
494
782
1051
702
489
603
295
689
652
516
1113
1084
717
1133
1088
391
590
107
874
402
1149
292
823
258
828
977
243
508
954
980
421
200
849
252
532
406
523
372
177
873
393
1125
1018
355
842
948
778
484
619
337
895
1098
58
567
918
7
462
41
527
471
366
1105
270
775
1155
863
705
736
757
1067
1027
430
392
649
600
729
46
193
607
1087
504
1148
1061
325
149
172
1046
116
946
594
57
1069
534
987
285
917
465
710
233
254
405
368
155
1108
945
645
347
317
371
66
473
1032
992
174
651
752
175
833
488
999
1
234
688
426
195
846
718
365
798
772
1073
401
147
626
632
17
127
1117
356
713
678
6
115
872
64
442
964
591
731
505
797
251
62
1025
971
470
5
239
664
1106
724
25
539
614
422
1109
858
1101
490
152
81
960
440
498
32
1115
290
375
852
661
1082
877
133
326
1112
805
236
408
14
1089
808
281
769
1118
226
76
929
740
662
655
344
339
327
282
467
916
121
1042
1039
1052
669
436
45
110
135
30
847
1068
451
618
178
160
259
438
350
242
302
605
379
1072
47
865
909
468
1079
266
891
134
1100
531
496
450
936
963
763
571
483
697
560
495
83
122
111
749
576
1017
1037
520
386
454
1044
400
43
840
553
322
300
1029
648
1001
321
1050
1143
676
995
261
1094
162
777
771
139
44
1012
1085
550
905
293
967
517
906
683
128
244
723
1058
142
156
585
542
716
428
268
457
781
741
588
732
890
303
816
105
369
861
287
314
1131

