11
122
1088
459
640
34
1137
100
488
46
958
963
1114
476
635
258
680
866
878
288
735
552
190
335
1027
1084
251
895
1115
829
713
867
260
608
1110
952
613
166
719
386
859
205
740
1019
4
314
188
708
92
546
702
128
143
993
992
527
981
254
707
944
986
1095
291
96
109
117
74
638
433
351
239
1028
1138
379
492
996
446
832
949
951
736
933
838
1129
150
317
575
6
412
195
262
911
733
1127
1006
264
1108
629
1050
115
198
536
435
189
252
199
207
541
48
184
20
437
1007
901
682
363
651
647
1037
1055
868
1100
573
394
646
63
837
420
338
1049
809
486
173
178
267
285
123
551
752
845
704
574
587
447
457
937
936
102
636
194
731
918
244
922
684
989
597
24
263
706
908
725
125
738
825
331
830
315
648
920
889
237
485
361
643
564
235
90
562
1086
912
1047
721
548
734
220
490
38
236
834
661
855
644
858
811
406
306
1155
970
376
168
508
273
670
170
683
1096
164
603
1109
673
973
968
520
434
302
618
659
910
928
1012
501
982
628
240
69
467
799
440
282
289
118
932
1123
197
367
510
471
729
226
233
255
381
494
307
80
946
479
404
454
747
818
927
966
662
278
179
416
1074
525
21
421
174
518
1017
329
637
280
86
137
605
129
823
653
44
929
16
1125
761
698
556
1039
703
768
153
464
99
1141
481
87
261
902
364
211
1079
671
12
592
807
1040
505
975
712
61
955
287
110
256
186
583
959
678
1097
1120
611
203
816
112
52
985
1130
1136
347
177
692
290
654
971
1032
861
863
956
449
881
691
427
430
797
1082
1091
1009
339
1069
515
473
3
1140
1131
272
835
305
743
737
1062
350
874
1122
136
565
602
572
1025
466
947
342
1064
83
444
1078
333
1034
210
487
401
1107
783
938
724
22
995
460
642
32
836
529
645
728
714
596
765
877
212
358
223
715
268
94
726
789
214
577
152
517
139
1002
693
523
10
265
776
803
390
1024
1150
346
500
848
60
318
634
965
480
49
759
612
72
962
249
1092
395
1152
229
1104
26
274
930
756
771
187
723
132
880
632
892
767
405
784
732
717
530
51
380
429
71
224
764
1053
666
1080
327
232
545
1005
294
47
310
375
149
191
984
869
1065
810
298
806
593
1112
722
373
559
250
279
826
57
695
954
1147
259
882
1067
694
1118
935
805
779
296
750
469
676
504
1090
584
884
563
980
856
270
370
1145
1000
242
448
773
425
820
371
89
64
418
760
909
15
808
234
824
926
1068
453
578
165
140
151
311
62
247
243
617
348
185
484
124
161
130
941
135
131
871
978
931
696
299
1058
77
748
1089
1093
1046
414
225
567
785
657
409
849
1059
887
689
148
1085
445
853
1102
828
160
35
78
988
862
710
875
478
293
104
681
355
580
172
455
633
470
1071
850
675
620
76
461
589
1052
95
948
323
45
495
206
664
1111
873
127
332
780
171
68
516
790
904
854
622
749
1134
885
230
924
105
215
615
950
606
322
167
772
175
462
685
438
793
846
324
458
1003
804
788
1038
343
688
822
369
860
1043
257
781
607
934
30
134
1143
709
819
304
905
2
489
54
1087
1073
238
393
50
674
1016
1010
1035
814
39
566
1128
407
599
711
144
309
1070
544
423
1113
138
535
786
411
40
41
690
754
943
890
218
843
1022
999
509
201
522
408
586
498
876
511
857
953
1151
1099
308
658
727
491
795
27
145
36
1117
81
514
914
1031
842
812
774
419
1048
216
847
800
677
17
413
182
579
561
833
97
775
93
700
590
1066
1026
221
14
669
231
550
555
886
558
528
353
917
313
119
547
660
942
631
1144
146
705
415
1054
25
502
1021
286
417
1056
716
1119
521
1098
663
898
176
1044
1126
245
570
744
388
977
687
65
1018
482
297
1083
560
5
23
1154
801
383
463
916
360
533
196
450
424
1014
903
540
1106
600
113
549
697
436
277
582
228
441
619
679
193
534
330
539
557
281
88
432
319
213
897
365
1105
1061
1146
303
742
1076
33
851
741
340
960
114
649
392
543
503
1116
598
13
155
253
753
1132
192
116
106
18
532
751
512
755
227
961
472
354
513
940
400
443
98
686
969
101
133
1103
888
839
817
120
870
553
158
141
1139
300
1015
581
328
19
1
585
844
976
202
672
126
1008
67
794
372
1148
568
1051
1042
391
1124
43
899
28
1094
403
442
921
770
668
879
994
384
154
82
431
410
864
362
720
111
990
1142
758
345
778
1101
162
402
1004
312
763
746
389
1036
739
385
604
1020
326
75
639
609
569
352
359
1135
524
730
538
91
894
987
66
616
292
827
483
777
219
526
1013
852
59
802
1121
591
1063
507
374
169
53
595
769
42
378
896
316
624
37
1057
913
55
792
614
222
204
1072
356
915
387
701
56
246
209
964
925
945
667
625
321
29
506
159
1011
366
84
341
571
349
762
121
399
813
275
31
1001
594
821
108
426
791
1041
163
840
107
0
9
554
998
979
73
325
1060
1075
831
271
519
468
422
7
334
8
757
991
397
156
865
269
142
923
1045
576
798
872
641
906
382
474
972
368
248
537
796
439
1023
1077
626
428
939
283
451
1133
1033
493
241
627
70
655
208
456
967
815
320
200
531
1029
974
883
907
58
699
337
396
766
180
900
183
276
497
79
181
745
718
621
496
477
588
997
344
652
266
85
147
630
103
465
157
475
610
893
499
665
656
217
452
284
1153
957
787
1081
601
841
650
398
782
891
623
1030
919
336
542
295
357
301
377
1149
983

