184
1142
856
864
923
481
120
507
1077
1152
605
378
888
825
1059
1148
458
861
673
370
86
623
671
32
156
247
351
449
392
1080
483
198
304
181
71
946
307
114
96
132
1093
1134
870
3
563
968
811
1078
503
688
242
135
1136
1097
109
355
293
1106
1026
837
273
62
815
599
876
647
982
6
895
820
451
275
897
17
960
271
477
346
13
873
1094
57
51
352
61
223
850
461
489
324
123
1112
931
475
561
63
621
333
248
118
803
4
950
644
236
648
30
121
847
900
1072
1046
172
884
639
410
742
1082
786
633
798
1120
1111
272
254
128
66
760
1088
595
38
1132
616
553
936
154
535
1009
941
515
419
663
1044
153
682
521
1032
577
976
147
996
478
164
298
476
323
106
596
218
814
758
509
1062
203
629
1079
552
472
372
402
1006
906
1146
73
525
512
620
102
719
382
505
1138
959
902
59
977
180
627
865
740
646
899
764
127
989
695
241
541
433
365
98
987
22
544
110
8
290
87
1028
161
1016
233
1143
651
442
896
414
891
869
444
1089
672
871
992
400
113
250
749
1022
314
755
189
779
675
19
1019
450
1084
148
562
732
944
635
622
380
890
1049
907
306
68
204
125
947
612
697
743
1098
485
777
137
302
152
668
533
25
823
341
1117
409
232
655
788
420
984
99
107
754
687
1155
1095
267
919
182
209
643
545
834
559
33
93
1129
716
188
916
479
23
904
436
1073
415
327
384
664
405
543
140
44
985
652
150
205
1008
745
193
296
586
836
1150
124
733
312
452
171
768
886
980
791
721
136
634
532
567
527
1063
753
495
429
844
101
176
523
466
997
799
952
386
396
373
741
360
839
709
757
708
940
972
1031
40
196
377
278
1064
285
234
566
424
197
16
344
335
582
1113
213
948
517
343
34
970
964
488
219
1017
961
20
21
728
573
824
1005
65
264
27
160
854
744
443
243
889
129
75
589
134
464
240
46
724
255
251
326
949
1104
558
829
159
388
920
430
807
628
565
1014
680
144
143
640
713
880
797
1012
969
1004
981
297
221
257
615
792
1122
237
808
155
453
354
570
1035
1091
376
80
277
1071
41
383
632
39
585
705
583
954
418
851
1056
548
467
256
858
64
574
538
225
898
812
537
90
840
882
338
756
1137
909
381
499
500
610
447
328
1039
195
738
618
1145
390
174
194
805
694
699
692
325
1075
542
222
173
735
638
367
480
1038
1121
892
848
220
739
1058
48
459
268
138
1045
506
689
645
179
279
1139
857
841
598
432
560
261
1069
1040
905
18
1074
217
767
1107
340
81
1001
305
731
875
925
603
425
1092
29
555
145
659
49
332
190
28
578
999
186
793
56
1002
456
1027
513
387
67
363
914
131
1055
938
202
168
1087
700
229
1047
703
846
393
1123
200
460
212
706
511
117
334
259
345
112
339
504
804
727
656
953
69
772
927
853
962
631
79
650
526
187
810
263
866
45
722
608
935
431
191
76
1109
85
531
411
439
751
885
1125
276
421
569
712
208
215
995
486
7
487
649
519
463
1119
1118
913
915
1115
97
715
606
734
522
579
1033
1100
455
711
860
780
929
385
316
349
937
776
1029
239
983
1105
201
291
454
990
1108
1066
1110
908
510
795
609
417
54
31
710
723
1030
1126
167
1140
822
918
280
658
1102
496
330
350
998
321
130
698
1124
249
320
619
759
832
1060
1127
921
670
94
474
1036
720
468
676
910
1096
726
252
11
1007
1018
502
348
843
677
149
462
1048
1153
1065
24
945
435
775
1086
192
833
802
828
501
922
592
448
614
991
92
693
965
1081
423
928
994
508
286
416
492
1090
975
471
359
868
362
761
766
625
1054
748
210
955
406
1144
549
771
1052
1
762
912
238
408
265
911
1023
556
308
1003
358
809
516
572
52
445
70
266
329
84
1034
894
707
737
993
669
379
924
626
653
831
597
917
1141
636
580
881
547
288
874
484
575
718
943
594
704
746
514
817
169
690
678
473
356
660
613
14
42
769
493
58
624
942
122
957
584
274
407
830
600
262
838
1135
104
683
12
35
438
1147
1057
227
53
540
369
10
967
862
551
602
971
141
750
974
747
571
226
146
1068
730
470
353
394
177
1061
313
133
800
283
1053
725
979
518
116
714
587
770
796
258
877
590
530
550
422
294
1000
686
260
887
783
534
701
679
231
801
1042
1015
520
1128
319
524
654
702
446
364
736
1076
282
765
175
790
1013
494
366
878
593
88
872
1151
105
89
1070
789
611
389
818
554
185
564
119
403
1101
819
642
401
958
457
139
763
289
539
337
413
318
216
1021
295
426
883
863
246
235
60
142
211
963
926
342
729
490
2
428
784
55
1043
794
162
361
281
1067
1050
82
956
47
855
399
331
665
934
498
224
441
391
103
292
1024
657
1131
717
637
691
1051
244
491
785
397
183
469
412
206
347
966
151
111
696
1041
666
497
685
214
1154
336
1020
903
26
607
368
1133
1085
322
1010
528
77
311
867
36
5
165
806
317
816
630
1149
269
1025
437
371
973
546
287
939
270
849
1037
301
852
1083
681
667
375
827
230
91
74
932
641
1114
576
303
0
37
662
245
50
83
604
988
591
95
126
787
978
157
395
1103
617
315
158
228
357
781
901
253
310
440
674
986
199
826
568
536
434
782
163
108
43
309
284
813
529
588
300
821
773
752
1099
859
465
78
661
879
933
951
581
299
774
115
207
72
398
930
9
427
845
374
778
1116
601
166
15
482
835
684
842
893
1130
404
1011
100
557
178
170

