158
872
633
394
1046
260
770
230
245
480
445
851
156
942
219
893
447
531
1067
44
1084
728
607
557
627
797
265
1144
124
734
168
866
71
894
703
1021
298
693
936
102
1022
349
850
966
319
949
344
196
303
45
220
1085
1047
995
997
500
396
696
746
905
945
1031
1025
139
46
8
873
214
448
669
753
544
659
171
97
1015
197
85
189
188
475
1036
375
1024
1019
81
595
1052
1054
732
440
878
137
616
277
1131
1010
428
628
75
218
61
54
541
413
1114
760
224
199
723
1064
202
195
1150
1058
1109
443
418
1126
501
654
707
141
716
834
383
89
745
507
79
759
222
83
558
504
863
1072
598
243
155
492
874
856
687
312
922
493
1029
793
780
307
64
436
95
430
1042
1101
458
530
552
270
720
835
103
591
990
1048
594
334
917
717
121
593
891
51
868
356
581
24
739
149
186
841
337
625
534
304
354
1012
560
994
580
685
203
1097
629
405
29
758
651
676
494
454
412
762
611
347
553
145
401
174
299
947
741
959
208
209
18
496
223
608
772
104
1039
1041
287
228
649
358
885
485
76
1145
883
899
939
296
1007
118
67
824
425
691
285
684
380
176
815
234
855
879
248
844
506
970
1080
27
632
1137
251
982
327
754
768
465
143
1071
483
1147
237
963
279
339
400
111
1143
795
744
599
318
867
157
254
1014
450
1034
886
702
166
904
395
854
807
14
778
643
613
536
21
126
953
901
799
78
311
379
1119
626
30
951
516
991
575
926
1083
635
333
132
1127
956
490
442
803
726
474
600
771
582
23
783
791
839
729
429
498
515
294
532
330
897
576
568
70
890
365
262
278
160
711
371
735
320
862
644
495
961
826
1005
672
619
550
363
435
1139
574
140
486
1062
892
1056
993
900
540
1087
887
1032
1055
77
478
978
832
434
36
740
55
1117
537
1026
1146
470
402
909
1002
801
98
471
404
596
151
903
660
432
948
324
743
91
957
264
190
804
452
652
724
216
16
0
226
547
782
517
965
207
666
389
240
1016
906
785
99
181
543
1091
359
1100
709
473
135
983
463
567
837
1138
1069
601
94
1128
1113
663
38
129
227
246
117
833
1102
182
82
950
321
41
88
554
846
714
446
305
1066
802
164
830
148
426
761
1051
1065
583
326
390
381
789
777
713
291
573
765
116
563
257
840
637
814
283
1129
427
323
497
1098
682
49
431
977
15
767
605
719
838
399
630
466
69
357
881
1078
437
912
697
456
123
811
382
908
1115
13
555
916
1035
1105
146
6
911
469
110
589
120
131
63
477
201
715
1081
980
570
1009
688
542
159
929
1096
281
138
836
509
670
751
656
974
212
276
704
235
609
535
411
920
346
898
845
1149
1140
1151
870
87
776
232
1037
800
727
367
774
161
1123
562
239
564
353
569
621
1090
919
907
417
861
933
1077
937
444
366
398
62
673
622
50
433
1095
178
12
185
794
614
538
128
107
451
588
634
376
518
808
860
566
1121
467
4
481
987
10
191
773
293
556
679
658
308
686
708
615
1141
738
979
918
695
1133
631
134
35
733
522
345
180
184
1013
1130
1068
620
369
667
561
225
438
787
571
332
175
721
825
355
9
217
884
133
712
769
986
1063
736
229
548
678
725
247
737
59
153
876
377
668
852
173
1122
875
388
68
992
309
329
244
817
1154
981
989
192
112
915
144
282
34
7
336
806
1053
273
539
482
275
53
1088
618
462
1079
943
338
397
43
934
361
177
372
775
529
360
958
962
1104
39
827
1152
927
788
25
210
655
932
590
512
194
1110
533
60
187
315
935
923
865
612
764
505
297
902
928
455
577
1017
242
211
33
73
193
415
292
56
352
206
1011
1118
286
255
784
488
328
252
790
813
1074
391
864
460
65
689
274
1132
348
857
585
1033
392
1018
341
289
233
1060
1004
528
48
524
1070
502
200
1099
731
1020
32
90
1061
792
579
441
701
183
525
453
1135
976
96
1006
301
1155
40
1086
109
221
378
657
1076
513
1136
72
955
747
421
996
266
5
805
253
1125
422
910
119
464
671
461
167
842
757
984
527
136
675
606
259
755
403
938
479
499
623
317
407
1059
165
1075
690
105
215
677
106
1003
587
19
410
972
386
351
47
999
258
322
1093
896
263
114
1045
20
640
487
944
975
1089
683
796
964
170
250
888
1108
249
931
236
722
710
742
484
639
638
921
1040
302
58
374
368
472
819
406
681
1001
523
680
241
988
586
1116
204
125
750
152
1023
520
1
1082
414
730
80
636
325
823
272
74
268
1153
122
718
261
115
342
572
925
624
295
847
809
1106
86
1112
930
968
198
545
1107
1028
551
271
100
694
519
786
597
584
816
665
514
889
549
565
310
821
154
350
1094
313
316
510
66
781
798
331
869
1008
1142
642
1038
409
763
882
162
385
967
871
340
457
147
1057
831
859
822
969
127
384
603
880
130
1103
284
26
31
848
108
641
748
142
1124
459
163
238
269
37
1120
84
877
853
946
423
306
93
849
1050
645
1043
416
370
314
779
300
1073
362
914
476
92
373
699
3
387
288
113
1000
1044
998
941
810
508
1027
818
1049
985
706
468
172
752
700
650
692
924
424
913
546
52
756
610
503
940
1134
280
648
705
749
205
1092
653
960
489
895
169
526
439
1148
393
179
42
1111
11
267
858
335
952
231
971
2
408
646
419
1030
661
449
664
843
511
491
521
647
698
420
602
364
57
828
256
578
954
820
17
973
829
592
812
28
101
604
559
766
290
662
150
617
213
343
22
674

