351
131
885
578
530
982
902
188
620
283
1048
721
1126
944
318
275
947
996
547
355
967
837
760
1062
461
55
739
422
807
19
297
873
428
932
503
690
624
844
587
339
999
535
1071
1005
1111
369
172
788
39
456
979
1150
640
287
1061
282
762
948
51
28
717
184
299
850
786
189
379
635
293
194
576
1141
256
842
1113
330
1104
248
959
228
1107
144
764
910
619
753
636
309
1120
1089
87
1093
158
1050
139
389
846
532
1077
22
1014
787
510
693
60
492
566
392
559
692
830
315
736
970
152
482
1154
333
85
229
731
5
292
955
1127
501
84
274
70
32
321
491
94
260
354
72
50
1125
841
861
1101
432
400
300
485
386
442
937
633
1009
314
372
1010
161
294
169
551
406
366
659
57
737
1112
1128
313
453
1037
164
1086
417
674
440
179
91
1083
484
914
1139
1060
204
468
1129
513
671
711
159
27
382
981
448
986
424
90
557
123
75
718
233
2
319
95
544
130
652
1034
1068
126
771
200
40
1004
436
429
415
1007
540
728
1134
206
241
987
889
849
775
1046
168
740
573
53
214
768
763
500
810
487
247
904
879
839
812
797
683
822
776
81
1065
919
98
642
269
802
251
707
577
438
1075
1103
244
1114
223
695
147
350
119
702
127
818
345
808
310
391
524
779
132
691
405
874
1069
1091
433
1074
969
732
1015
888
591
101
941
430
1076
614
243
971
250
452
618
338
866
769
1024
16
304
385
1059
901
773
92
425
734
845
166
528
1109
173
917
476
446
602
376
1023
3
783
694
33
928
926
1123
684
622
210
991
334
997
856
508
867
1092
933
538
968
264
772
176
878
469
1070
676
1087
367
552
708
960
156
784
893
699
527
325
765
1040
984
393
719
925
399
882
604
31
73
1051
151
833
146
1026
761
259
565
48
938
989
560
212
445
892
921
599
838
466
679
196
852
750
555
13
612
746
477
225
700
7
363
167
455
548
749
506
942
546
327
715
352
825
896
359
397
1145
886
175
195
857
819
165
940
829
777
378
498
387
234
356
279
1131
811
756
135
388
840
976
785
952
291
1052
529
480
628
441
410
115
49
668
975
171
957
582
1096
1132
831
52
595
404
59
701
741
217
562
18
1045
934
65
630
890
213
609
800
864
887
644
1094
922
464
570
154
1012
1033
956
670
729
82
1146
621
726
88
534
320
295
561
83
924
603
504
242
1032
814
804
253
993
650
632
180
421
907
875
1047
1100
349
598
257
238
526
141
545
1155
863
605
340
793
489
658
306
782
677
447
876
26
449
770
1130
1102
1080
38
521
1008
221
208
752
499
183
832
836
190
790
35
402
835
150
581
1148
177
479
245
673
859
240
284
600
118
586
961
205
1136
592
1025
416
744
370
823
685
263
454
815
505
881
63
148
347
575
973
1016
488
995
426
590
1022
696
705
231
222
1006
627
308
187
475
280
317
128
61
125
533
364
847
106
1017
974
923
296
64
1044
285
62
665
42
714
583
569
898
853
331
507
909
111
344
1028
610
465
616
1152
113
943
1072
877
495
958
271
703
10
328
821
860
1095
725
1031
638
66
608
672
235
542
1115
686
985
1057
346
518
1116
232
473
268
54
637
374
851
689
564
373
307
709
360
706
227
1039
1117
437
792
47
14
289
219
998
105
512
1082
109
936
704
273
323
281
377
523
138
408
931
511
617
394
657
554
9
302
336
78
174
276
490
803
681
742
724
110
383
423
472
68
249
100
298
1018
254
953
870
103
1099
774
474
519
799
265
899
12
613
1066
137
97
687
946
44
1054
643
817
93
639
15
407
155
413
24
471
29
1013
646
625
478
977
589
641
185
509
1138
1088
267
758
1142
450
58
0
980
939
649
965
69
348
89
444
191
36
1019
1036
181
843
720
134
954
23
966
463
688
56
192
806
1105
522
25
735
553
669
645
1056
396
716
34
543
572
920
556
1055
1021
41
891
972
1079
520
332
381
912
647
380
157
1041
312
209
207
517
193
401
1151
30
1143
1027
751
1084
458
494
730
353
486
1097
481
820
1106
470
978
1098
502
656
826
435
201
733
1122
580
738
654
246
170
114
76
178
916
493
854
451
651
79
597
949
46
1030
801
988
567
277
935
929
579
698
848
682
743
1110
1124
459
563
514
824
930
661
516
218
798
766
662
1049
1073
324
1020
816
358
1090
252
584
983
395
601
596
1035
680
1003
4
149
326
1053
796
80
727
197
322
261
927
107
571
96
375
136
1043
791
789
419
747
121
362
342
230
497
403
865
918
202
418
903
834
371
992
539
868
290
384
1085
45
675
915
99
805
778
894
678
1058
1121
278
37
588
216
607
17
163
143
1140
186
182
343
1000
1002
1001
220
102
794
869
558
663
74
905
862
748
1029
827
858
124
420
906
757
655
224
71
855
895
1063
780
515
198
629
660
594
411
962
531
626
361
809
536
258
412
215
767
335
990
593
755
1
431
884
667
634
963
237
900
398
754
305
631
1118
43
8
648
133
1081
1149
120
666
162
880
6
1119
1042
203
541
945
828
266
872
883
457
911
262
414
443
272
795
153
1038
104
574
357
653
390
713
20
897
1064
108
145
483
525
255
1137
142
140
537
1067
712
550
462
994
288
1147
270
611
368
723
1133
549
1144
122
236
67
1078
11
311
585
950
759
623
301
365
697
871
615
722
710
160
112
316
434
439
964
1153
496
226
467
303
568
77
460
606
745
286
1135
116
117
21
951
664
199
329
337
129
1011
427
86
239
409
341
1108
781
913
908
211
813

