1068
669
456
657
309
469
93
508
197
834
994
33
274
166
798
252
330
480
1117
578
206
851
223
1031
337
1038
920
780
180
727
571
113
406
298
452
703
429
58
894
195
395
872
1073
441
1022
690
996
132
1154
399
1136
732
568
1042
617
1072
207
76
744
696
1141
281
964
957
371
345
573
256
1053
1147
932
24
488
415
843
712
120
569
952
1049
572
30
219
909
650
171
1092
506
422
1026
1009
91
711
656
1087
68
218
260
334
1010
316
230
296
593
512
819
97
275
167
739
220
820
393
837
1093
133
923
1101
948
10
385
339
130
735
887
845
556
161
159
328
213
295
201
960
871
287
214
570
1003
956
773
164
400
707
1034
257
1152
817
659
541
457
922
265
1120
420
698
745
499
513
430
799
67
6
1081
278
968
232
39
710
26
1002
112
604
1142
641
918
32
803
547
1138
1126
821
783
185
890
587
536
267
1104
183
314
1017
549
912
435
60
970
728
449
288
791
885
849
555
1131
695
804
1103
1063
1086
43
1041
875
299
414
908
368
1145
733
1096
840
1051
559
1078
131
1035
552
115
619
391
504
1059
526
188
126
577
759
608
674
409
505
85
603
233
323
226
471
489
717
838
142
484
914
210
860
212
882
444
225
285
1015
736
114
124
594
532
46
553
494
259
986
685
493
196
977
108
148
1123
827
144
853
107
715
814
1110
1076
269
284
336
81
815
437
752
1143
655
863
719
566
982
199
1071
243
1056
90
47
520
590
419
972
277
1083
675
688
746
679
140
1033
18
165
847
268
599
459
592
998
359
997
985
394
1057
835
193
66
961
320
738
784
63
1116
61
65
623
28
78
874
931
348
737
307
64
607
649
601
1004
660
700
862
517
151
153
802
509
451
680
137
22
84
477
633
876
122
979
1113
338
13
704
790
187
525
475
106
846
479
253
550
642
841
263
418
446
423
50
498
329
331
501
453
1025
880
31
618
522
670
1
767
661
1019
734
410
1080
442
632
1146
370
903
390
723
472
156
665
369
54
564
474
468
906
203
1014
20
582
310
71
999
362
424
347
579
1085
766
44
169
663
724
138
554
1137
473
283
21
644
818
319
1140
340
401
364
45
157
322
1018
495
1070
1124
842
52
1125
324
895
1148
408
539
294
917
1028
255
531
832
589
27
360
978
1090
692
380
558
448
612
782
398
402
1050
866
630
598
687
177
109
713
896
605
417
74
899
297
128
1099
344
194
136
8
271
548
543
542
565
0
37
247
163
173
916
1001
179
741
241
1134
546
926
94
189
478
168
697
190
942
870
134
533
640
1008
936
955
455
306
374
645
792
110
14
646
375
111
15
154
411
514
1107
810
1132
625
1044
816
251
824
1109
467
129
427
41
742
538
653
850
1060
848
681
551
693
864
511
1133
72
353
562
992
755
397
228
969
953
595
286
366
300
1043
377
881
813
672
321
858
940
928
69
351
861
192
9
823
990
626
905
141
1012
624
852
581
248
1121
524
500
911
557
748
1040
217
349
454
216
215
412
831
11
629
100
519
204
1037
234
796
102
378
431
250
1128
1016
99
805
777
1150
753
636
88
186
279
62
392
381
775
613
55
561
761
596
49
1122
485
1112
461
174
1052
716
382
426
518
325
615
763
1144
301
794
507
1000
342
1065
105
1069
308
873
254
16
893
588
677
23
152
574
433
602
160
749
1153
379
4
683
1054
200
949
877
404
373
1102
523
638
980
808
563
158
222
95
521
40
119
750
313
768
191
101
1047
490
1006
830
438
326
886
1005
98
779
149
706
273
36
981
1115
315
1032
651
785
1130
332
407
709
118
239
867
139
354
987
591
357
800
242
1075
261
620
1048
976
904
1045
643
809
691
1084
958
900
725
600
48
1106
760
240
317
1021
833
434
147
765
937
123
689
1129
622
879
652
403
176
1098
445
781
516
560
580
282
350
1127
609
943
515
483
883
492
246
635
19
534
919
388
172
311
528
476
121
86
238
769
658
764
889
946
205
778
898
628
944
751
676
811
1007
947
1055
184
747
921
718
432
236
854
1095
971
859
361
450
807
35
801
372
729
935
826
855
135
527
1074
292
967
989
1077
1111
684
788
544
1066
1082
988
1108
304
673
797
954
355
694
346
951
470
116
686
941
671
496
616
443
654
822
884
666
312
959
356
828
389
621
87
104
583
1046
491
463
5
270
925
1011
708
701
79
606
865
327
664
540
786
231
1135
702
227
276
1094
7
1155
38
868
224
648
482
363
762
576
667
384
266
1061
770
965
844
428
722
352
1024
1013
631
1114
1118
776
343
1139
771
502
897
627
208
678
155
929
447
229
1023
333
934
730
56
529
82
462
386
162
962
720
939
244
795
774
1030
974
481
17
938
743
487
1079
787
465
510
145
839
927
305
1029
335
1097
902
584
983
89
772
699
83
405
756
367
425
1062
503
639
754
806
757
42
789
436
991
182
280
836
930
383
70
984
721
1088
440
1151
888
530
290
567
289
1149
178
365
458
1067
910
262
272
1064
1119
829
731
610
464
143
668
53
181
57
637
202
318
1020
175
34
682
376
77
396
907
740
29
127
302
726
945
249
614
466
586
634
901
486
460
303
825
2
1027
611
647
170
812
856
387
966
1100
291
1039
995
537
915
96
597
963
714
413
75
439
1105
150
993
211
117
913
878
869
51
221
416
209
1036
950
1058
575
59
146
293
1089
1091
25
103
3
973
662
125
358
198
497
793
73
535
92
237
585
80
891
758
12
545
857
933
258
892
341
245
924
705
421
975
235
264

