1 1
2 1
3 1
4 0
5 0
6 0
7 1
8 1
9 1
10 0
11 1
12 0
13 0
14 0
15 1
16 0
17 1
18 0
19 1
20 1
21 0
22 1
23 1
24 1
25 1
26 1
27 1
28 0
29 0
30 1
31 0
32 0
33 1
34 1
35 0
36 0
37 0
38 1
39 1
40 0
41 1
42 0
43 1
44 0
45 1
46 0
47 1
48 0
49 0
50 0
51 0
52 0
53 0
54 0
55 0
56 0
57 1
58 1
59 1
60 1
61 1
62 1
63 0
64 1
65 1
66 0
67 0
68 0
69 1
70 1
71 0
72 1
73 1
74 1
75 1
76 1
77 0
78 1
79 0
80 0
81 1
82 0
83 0
84 1
85 0
86 1
87 1
88 1
89 1
90 0
91 0
92 0
93 0
94 1
95 0
96 0
97 0
98 1
99 1
100 1
101 0
102 1
103 1
104 0
105 0
106 1
107 0
108 0
109 1
110 1
111 0
112 1
113 0
114 0
115 1
116 1
117 0
118 0
119 0
120 0
121 0
122 1
123 0
124 0
125 1
126 0
127 0
128 1
129 0
130 1
131 0
132 1
133 1
134 0
135 0
136 1
137 1
138 1
139 1
140 1
141 1
142 0
143 0
144 0
145 1
146 0
147 1
148 0
149 0
150 1
151 0
152 1
153 0
154 0
155 1
156 1
157 0
158 1
159 0
160 1
161 0
162 1
163 1
164 1
165 1
166 1
167 0
168 0
169 0
170 1
171 0
172 0
173 0
174 1
175 1
176 0
177 1
178 0
179 1
180 1
181 0
182 1
183 0
184 0
185 1
186 0
187 1
188 1
189 0
190 0
191 0
192 1
193 1
194 1
195 0
196 0
197 0
198 1
199 0
200 0
201 0
202 0
203 1
204 0
205 0
206 1
207 1
208 0
209 1
210 1
211 0
212 1
213 0
214 0
215 1
216 1
217 1
218 0
219 0
220 1
221 1
222 1
223 0
224 1
225 1
226 0
227 1
228 1
229 0
230 0
231 0
232 0
233 0
234 1
235 0
236 0
237 1
238 0
239 0
240 1
241 0
242 0
243 0
244 0
245 1
246 0
247 1
248 0
249 1
250 1
251 1
252 1
253 1
254 1
255 1
256 1
257 0
258 0
259 1
260 1
261 1
262 0
263 1
264 0
265 0
266 1
267 0
268 1
269 1
270 0
271 0
272 0
273 1
274 1
275 0
276 1
277 0
278 1
279 1
280 0
281 1
282 0
284 0
285 1
286 0
287 0
288 0
289 1
290 1
291 1
292 0
293 1
294 1
295 1
296 1
297 1
298 1
299 0
300 1
301 1
302 0
303 0
304 1
305 0
306 0
307 1
308 0
309 1
310 0
311 0
312 0
313 0
314 1
315 0
316 1
317 0
318 0
319 0
320 1
321 1
322 0
323 1
324 0
325 0
326 0
327 1
328 1
329 0
330 0
331 0
332 1
333 0
334 1
335 0
336 1
337 0
338 1
339 0
340 1
341 1
342 1
343 1
344 1
345 1
346 0
347 1
348 1
349 0
350 0
351 1
352 0
353 0
354 0
355 1
356 0
357 0
358 1
359 1
360 1
361 1
362 0
363 0
364 1
365 1
366 1
367 0
368 0
369 0
370 1
371 0
372 1
373 0
374 0
375 0
376 0
377 0
378 1
379 0
380 1
381 0
382 1
383 0
384 1
385 1
386 0
387 1
388 0
389 1
390 0
391 0
392 1
393 1
394 1
395 1
396 1
397 0
398 1
399 1
400 0
401 0
402 1
403 1
404 1
405 0
406 1
407 0
408 0
409 1
410 1
411 0
412 1
413 0
414 1
415 1
416 0
417 1
418 1
419 1
420 1
421 1
422 0
423 1
424 0
425 0
426 1
427 1
428 1
429 0
430 1
431 0
432 0
433 0
434 0
435 1
436 0
437 1
438 0
439 0
440 0
441 1
442 1
443 0
444 0
445 0
446 1
447 1
448 1
449 1
450 1
451 1
452 0
453 0
454 0
455 0
456 0
457 1
458 1
459 1
460 1
461 1
462 0
463 0
464 0
465 0
466 0
467 1
468 0
469 0
470 1
471 0
472 0
473 1
474 1
475 0
476 0
477 0
478 1
479 1
480 1
481 0
482 0
483 0
484 0
485 1
486 1
487 1
488 0
489 1
490 0
491 1
492 1
493 0
494 0
495 1
496 1
497 0
498 0
499 0
500 1
501 1
502 0
503 1
504 0
505 0
506 0
507 1
508 0
509 0
510 0
511 0
512 0
513 0
514 0
515 1
516 0
517 0
518 0
519 1
520 1
521 1
522 0
523 0
524 0
525 0
526 0
527 1
528 0
529 1
530 1
531 0
532 0
533 0
534 0
535 0
536 0
537 1
538 1
539 1
540 1
541 0
542 0
543 1
544 1
545 1
546 1
547 1
548 1
549 0
550 0
551 0
553 1
554 1
555 0
556 0
557 1
558 0
559 0
560 1
561 0
562 0
563 0
564 1
565 0
566 1
567 1
568 0
569 0
570 0
571 0
572 0
573 0
574 0
