942
851
493
909
1058
1069
652
475
1154
914
1099
427
1008
485
244
1090
448
976
195
876
625
66
1076
986
480
228
484
146
781
391
399
246
526
557
178
973
1046
316
945
158
1016
958
972
432
1067
809
274
290
286
438
465
774
1074
554
996
560
1122
764
1056
73
1052
17
109
831
216
566
837
360
425
616
812
84
256
899
649
490
830
162
191
703
814
980
410
794
1064
835
363
931
42
1
1115
735
589
1114
0
103
219
529
855
76
711
860
234
1053
446
430
68
141
166
296
633
840
1140
168
709
403
1155
988
722
870
1051
192
580
1123
641
543
810
487
1082
121
383
673
687
385
953
618
419
696
964
88
34
1009
455
913
252
311
353
450
908
135
444
606
614
1137
328
651
369
11
217
117
131
370
989
305
551
818
386
922
677
491
747
471
567
533
170
583
1117
1080
183
393
607
113
155
579
238
259
172
361
242
694
629
639
159
1108
901
434
278
165
757
198
591
1059
970
169
194
1129
1025
26
101
180
396
494
634
610
544
443
46
1061
951
865
128
731
428
693
321
653
721
1079
130
585
93
249
49
862
292
758
381
1098
202
593
1057
413
173
547
63
968
338
75
359
1149
1066
402
270
82
156
77
842
488
348
829
777
868
896
571
127
613
934
509
518
919
157
140
456
1021
340
867
457
111
820
1049
530
954
784
555
470
268
872
590
482
927
59
424
575
36
592
1065
149
1029
179
501
826
1145
125
723
1132
285
352
813
164
118
12
780
1102
1144
981
33
940
803
662
1032
1081
175
660
514
944
368
231
911
152
1043
373
671
266
956
344
207
959
1024
154
918
834
184
825
297
189
929
987
115
930
928
481
742
342
489
78
426
439
304
1087
106
133
769
789
753
350
376
1138
8
637
422
517
23
1130
291
669
974
401
498
143
1002
1045
262
1103
785
626
552
420
436
10
240
64
1092
120
260
891
778
573
449
748
398
56
351
553
588
126
1126
643
1106
1020
707
843
728
1146
20
845
478
668
925
19
206
804
739
512
581
411
992
86
532
257
7
678
650
405
1093
675
1010
317
603
318
213
802
320
371
14
295
224
657
287
9
50
661
701
412
644
392
479
770
684
462
697
467
525
752
542
569
900
1078
421
1028
503
160
762
354
343
358
761
319
209
477
1084
527
1050
1027
1007
329
917
181
233
1105
975
993
1139
454
620
935
280
223
658
1060
255
384
279
80
983
792
1073
3
273
1019
196
1022
1113
306
70
921
100
81
315
208
910
90
314
749
572
576
395
205
1005
727
760
336
339
459
307
1141
83
998
397
365
417
907
787
452
54
508
604
971
218
283
786
807
949
44
380
201
513
264
565
1011
632
1118
743
423
894
836
1034
679
798
1152
1037
435
267
705
1134
805
817
1004
699
110
886
1096
563
1109
967
1041
1150
29
461
856
686
682
510
94
372
822
1040
800
1015
772
999
6
1047
1048
294
577
1089
116
766
646
873
469
193
337
182
636
948
1072
793
293
99
1031
1055
1131
666
1036
226
599
325
35
241
531
957
250
221
31
756
1026
904
248
602
390
4
332
309
608
963
298
511
783
429
308
706
519
105
734
966
243
601
144
322
690
570
451
672
299
759
768
816
495
374
597
289
885
775
215
916
1119
903
211
879
258
148
364
720
313
416
737
991
538
864
595
947
692
440
882
129
468
568
733
334
1014
323
833
214
122
476
905
880
537
499
1012
674
147
523
609
378
773
596
1104
906
1120
51
912
492
177
941
969
642
203
915
926
700
676
726
938
844
167
1039
832
1095
521
665
24
500
1062
506
1121
936
952
850
545
645
691
977
1088
713
230
627
933
857
1075
1086
229
655
788
994
828
312
695
507
548
466
776
612
1142
324
888
107
327
87
630
347
453
37
997
890
1151
685
594
920
366
394
763
1091
534
715
582
222
624
889
1030
670
782
418
97
779
515
1033
1063
615
827
689
139
811
623
1006
854
821
504
550
174
142
65
841
40
561
1136
824
5
151
473
225
1044
67
45
288
472
124
819
400
937
447
21
150
883
460
664
1094
1068
95
236
965
853
960
847
1097
502
702
235
43
754
187
41
15
1116
849
38
808
680
1085
441
939
497
237
272
605
631
852
559
635
123
712
1054
587
663
1070
861
767
955
27
1147
58
654
72
985
863
269
1111
486
765
161
598
345
1128
408
232
536
414
516
1035
923
1042
648
744
1110
806
367
859
771
204
79
55
119
199
902
541
245
1071
528
104
1133
275
277
839
2
253
724
355
574
13
197
751
535
176
801
1143
1003
524
540
725
858
667
736
838
745
282
349
1000
895
1023
200
586
962
1124
389
145
210
132
377
335
990
995
190
1013
647
714
683
91
464
729
1001
60
445
710
18
823
932
520
600
61
185
881
893
433
584
263
415
16
717
638
247
871
578
846
1083
505
220
388
134
719
815
1125
112
611
848
52
892
153
407
62
978
96
387
898
874
357
362
740
887
301
28
74
1153
1018
57
943
628
1107
303
114
32
984
746
755
137
98
458
30
558
875
330
546
1077
136
404
463
539
1038
718
265
431
1101
878
333
331
47
656
89
1148
25
681
53
300
92
795
171
271
375
437
738
619
341
924
188
791
227
564
961
496
617
979
85
382
276
442
732
102
254
704
310
866
897
741
379
790
1017
950
799
877
716
698
1112
261
1127
138
71
522
163
483
239
251
622
946
409
406
730
48
562
186
982
284
1100
281
797
346
640
69
796
688
869
39
750
556
659
108
212
708
474
621
326
1135
884
302
549
356
22

