613
743
553
201
906
149
650
922
323
125
545
327
1064
335
944
844
372
980
1044
248
204
931
871
90
644
835
281
712
1092
457
783
1021
34
451
862
653
1073
1103
1006
472
1148
702
725
951
587
612
952
1002
856
393
622
859
745
137
711
536
503
279
283
178
318
792
1098
559
1137
752
527
33
322
213
446
983
340
578
696
276
138
240
793
1065
722
522
253
988
81
304
40
188
270
86
507
534
767
254
460
187
288
94
763
515
486
950
633
166
105
600
996
347
982
16
782
132
717
211
453
934
107
985
670
79
899
294
537
459
816
877
995
533
634
146
766
298
870
1144
691
677
867
776
887
302
886
1008
546
359
1145
679
648
32
1155
575
710
308
779
683
424
962
542
465
935
202
1018
829
1093
1109
852
928
963
907
929
1054
381
1026
625
264
170
1078
333
410
172
916
654
984
1056
423
41
599
1036
196
143
787
396
448
790
876
611
842
582
26
108
501
762
614
191
246
214
1149
900
199
573
382
242
621
810
699
12
52
596
484
1089
0
1053
864
1121
601
1132
355
407
999
524
461
1084
100
262
46
64
554
499
898
112
1033
25
523
788
173
1147
626
273
918
970
662
492
839
141
300
606
520
209
617
452
1094
1038
956
786
1004
932
321
319
412
958
805
208
421
250
85
1153
797
819
993
374
1015
183
455
998
189
93
245
334
160
29
234
1099
686
222
508
588
342
76
21
184
1134
285
914
1085
422
540
148
799
371
95
456
1013
314
431
142
1039
1046
303
147
1140
329
831
1071
1007
1068
458
433
526
247
659
618
128
70
1117
1042
349
498
974
806
591
104
167
416
134
313
380
365
84
1030
477
352
1127
647
965
244
986
690
309
967
68
169
274
1035
389
834
547
197
401
284
1154
992
1067
968
370
339
130
310
911
1151
566
781
66
230
297
464
597
747
610
1107
758
697
437
531
133
122
432
525
277
1108
200
252
164
637
785
212
312
941
1059
1055
62
217
1119
326
114
224
500
206
30
261
519
487
1062
855
574
219
87
445
161
404
736
777
1049
119
557
880
482
466
306
850
476
748
99
400
883
203
529
419
796
889
129
1118
1091
750
470
8
92
215
78
892
336
551
251
348
233
505
65
813
358
837
729
491
481
1111
388
680
232
390
865
361
577
959
356
1016
836
49
395
1125
739
583
530
174
316
820
825
504
541
1138
429
286
905
420
13
444
724
495
861
140
584
938
1133
1043
223
544
1041
1074
37
873
1003
490
494
364
897
10
118
517
973
921
562
177
620
778
1031
345
979
714
158
91
990
56
266
4
780
330
378
221
961
627
741
301
483
438
450
406
548
360
236
351
675
408
260
925
102
628
1022
604
427
1083
913
386
101
761
159
80
863
75
207
317
43
666
162
753
826
488
954
1141
14
896
960
801
315
71
828
239
1
723
904
728
171
441
55
818
1066
885
803
976
44
688
948
707
331
678
630
110
59
681
848
977
901
608
772
409
957
888
350
624
704
475
521
567
1082
1037
664
514
116
220
430
1086
1136
715
120
910
290
474
890
841
953
602
1009
1143
592
1072
311
249
730
362
823
760
402
135
563
440
869
703
978
991
97
328
111
1139
713
1110
809
705
744
539
255
414
157
77
131
106
145
485
695
641
320
192
96
121
738
572
609
368
259
1079
694
24
912
269
150
82
874
289
154
731
619
665
1028
755
1120
415
332
502
383
894
774
1130
1027
54
168
325
636
123
878
1014
467
1017
902
280
969
124
60
36
193
117
843
226
357
1113
930
210
663
532
687
933
1112
265
700
623
1081
795
866
9
857
895
186
661
1097
185
1047
652
854
685
3
1131
341
942
794
833
354
6
635
884
851
821
881
804
243
858
516
1100
42
425
698
376
363
272
632
179
645
127
955
840
72
18
195
479
1126
205
1150
225
927
875
939
267
808
732
815
646
742
367
5
443
413
598
156
1076
845
538
676
576
216
607
817
971
908
569
180
709
579
827
353
949
631
231
473
868
943
45
706
1102
734
673
638
237
343
346
824
1129
324
657
594
593
1115
568
798
152
966
489
263
746
292
139
749
872
449
22
716
945
802
1104
720
344
1088
88
63
615
1128
74
11
275
1000
882
194
853
903
923
1020
1123
373
17
1023
737
1146
658
509
136
469
629
1051
1114
784
190
497
669
198
693
89
23
893
176
51
586
1034
1122
822
564
1135
964
672
155
1124
701
807
603
595
478
98
919
163
1087
69
860
1005
83
47
754
811
305
1050
61
643
1029
639
800
975
418
656
682
549
387
115
228
590
570
126
1070
384
571
1060
28
556
1116
511
439
671
1058
369
1001
771
692
513
165
295
718
812
2
175
879
1011
268
235
937
278
1106
668
775
67
585
337
708
726
847
397
19
926
1095
721
405
58
411
258
399
271
379
642
38
849
287
113
660
103
581
403
920
57
769
891
53
756
48
740
366
434
773
227
560
757
814
1012
947
480
435
510
846
936
684
1077
1019
39
981
838
791
238
1032
153
832
987
282
218
447
830
50
719
31
1024
765
442
151
565
377
307
1052
296
674
512
768
589
649
909
392
229
940
1057
436
241
972
759
7
471
468
1040
1080
375
616
15
506
144
299
561
394
528
1045
1075
27
558
1025
391
555
689
463
35
181
454
73
997
655
428
580
291
518
426
1105
1101
1142
789
924
994
550
293
385
1152
1096
1061
543
182
417
1010
764
751
770
338
651
605
398
462
535
256
493
1069
496
946
20
727
640
257
989
1090
917
109
1063
552
1048
915
667
733
735

