311
1148
584
655
974
210
502
1060
906
179
1154
679
1107
873
196
336
407
672
472
488
980
767
556
229
731
1149
107
692
279
856
555
668
933
364
92
560
821
1058
416
153
390
1035
509
284
72
885
747
224
3
546
374
711
120
527
886
670
789
1111
883
1046
59
565
499
790
320
428
493
867
21
998
32
837
705
1045
635
310
462
663
780
299
125
1014
302
581
481
1101
73
350
1120
866
256
362
427
823
614
610
547
389
1010
451
996
235
739
482
961
605
918
1093
708
1141
177
810
992
1108
1092
340
96
475
854
941
620
687
148
189
567
1104
359
298
202
486
334
467
220
1129
902
29
161
450
69
953
387
64
295
1028
1
600
456
424
519
523
1124
737
1048
590
33
105
75
878
689
757
753
1110
101
1007
715
1068
704
470
2
83
288
314
234
331
640
146
801
247
820
825
306
231
1086
611
162
363
524
576
768
442
93
322
597
748
944
741
946
1004
811
503
901
134
510
354
208
677
132
345
1022
133
763
775
426
369
367
48
882
960
110
1017
4
1043
157
568
230
602
1114
860
463
395
88
217
87
828
307
1072
1078
925
1088
1126
296
636
697
577
887
24
264
1153
351
221
839
437
305
870
141
281
631
317
1008
166
695
755
394
408
639
184
476
77
131
539
36
536
652
728
662
516
693
1087
895
913
1150
1012
544
186
10
795
765
760
990
39
121
579
419
123
147
53
50
578
265
245
249
375
342
58
804
935
769
535
376
549
618
444
68
621
1096
1056
606
616
781
398
707
1036
332
42
1083
868
562
508
659
494
1094
272
414
352
207
726
849
205
788
380
1027
130
713
448
227
746
905
754
188
360
51
280
834
477
638
225
7
243
1145
743
180
290
512
919
894
453
548
879
851
1054
986
877
1142
515
108
1031
573
1090
1042
223
144
480
1044
174
1037
465
152
173
199
455
722
669
6
469
649
176
127
647
1001
19
400
889
150
160
489
596
688
869
79
140
603
260
283
912
826
240
550
948
836
958
112
496
1134
1019
744
642
678
827
963
922
236
326
664
1105
1011
787
323
696
8
1082
40
382
1131
842
135
404
357
580
11
216
814
798
355
282
206
254
532
976
57
259
1055
1029
982
846
1065
136
1070
972
799
537
530
214
848
822
601
884
434
909
129
599
921
198
384
1049
809
1003
522
286
464
218
67
805
348
835
819
927
1116
646
858
794
709
625
899
566
557
183
575
31
504
1062
559
435
318
441
930
1081
521
650
613
449
34
337
997
81
297
981
951
44
433
716
195
954
291
185
937
1052
999
85
750
1155
411
752
60
816
633
608
277
27
341
520
702
1034
634
806
598
505
445
956
335
1023
730
513
219
149
721
97
391
533
888
1061
446
164
181
1033
782
1127
1130
274
324
875
967
167
171
1089
41
145
718
228
950
271
232
268
552
1050
155
252
1122
366
725
194
700
740
641
587
774
735
955
859
592
1051
917
22
880
253
908
1146
117
89
1091
1137
656
213
1097
204
473
766
325
1152
55
109
114
572
943
667
786
438
492
1041
212
703
490
1080
200
66
564
402
773
418
257
874
172
674
338
720
931
936
431
457
932
1005
1115
975
1059
833
570
484
853
468
907
1021
1132
517
111
9
454
70
1038
792
443
1024
1109
582
770
420
15
423
459
251
1103
949
797
1147
938
401
158
193
991
239
460
784
292
947
12
624
187
723
506
478
942
415
841
970
392
100
432
278
771
368
262
978
791
38
413
777
591
988
56
115
333
30
569
1113
623
904
429
238
246
344
864
168
491
116
983
285
653
783
91
303
952
525
1106
615
339
1133
865
553
102
154
165
237
447
526
558
266
255
824
328
651
619
929
673
13
685
99
222
1039
1064
893
528
940
175
979
627
969
629
327
1066
862
209
248
1079
900
727
588
594
1125
764
701
16
399
289
1085
410
258
957
315
758
62
385
818
829
1018
52
365
226
973
733
372
989
312
119
898
71
995
498
971
507
734
84
928
863
388
269
49
759
211
985
987
529
461
654
916
729
1040
421
0
201
405
371
964
585
241
373
215
381
977
46
330
843
113
1117
17
182
197
28
143
436
270
313
966
891
430
1128
43
706
626
543
648
300
425
514
192
745
617
852
267
776
90
63
126
511
681
630
1140
98
934
871
800
717
170
622
903
545
699
417
881
698
710
356
495
671
661
911
439
808
682
487
604
1006
1071
1053
712
497
593
1063
984
554
915
832
968
397
657
571
74
666
78
589
1020
1139
1112
1057
1118
203
896
45
518
595
163
14
939
751
95
1032
872
732
772
156
840
923
106
76
20
1076
812
1025
785
1069
660
632
263
47
347
452
378
844
563
82
534
793
383
1000
926
26
276
466
1016
1073
1074
151
309
796
813
244
1151
850
890
124
831
361
965
628
104
817
485
349
103
86
94
959
691
738
736
403
316
779
1119
719
275
1075
1098
742
1100
807
838
242
897
5
406
962
1009
847
250
993
802
169
1067
233
861
920
778
37
393
35
690
574
612
694
329
924
273
892
914
1002
142
474
23
830
609
128
479
409
1136
261
54
658
586
358
676
386
471
675
762
749
412
845
665
724
301
855
645
396
1047
538
815
287
321
684
1030
370
540
1084
1135
501
343
1077
25
531
561
294
1099
483
80
761
440
994
308
137
876
1143
500
353
346
803
680
178
122
857
118
304
1138
293
377
1144
159
1013
139
1015
607
1123
583
1121
541
551
422
458
637
1095
714
683
61
190
644
756
138
1102
686
319
1026
643
379
65
945
910
542
18
191

