141
504
105
51
717
1023
1018
1095
154
117
455
602
217
479
639
441
414
99
72
584
569
540
269
325
327
713
380
880
237
18
806
157
687
494
1103
509
34
689
925
743
503
775
738
612
817
1024
130
523
518
970
112
88
388
423
989
394
748
38
353
303
616
965
535
1012
1057
243
1015
492
859
821
104
185
447
956
438
1054
734
721
1136
214
275
468
486
1070
1035
536
193
555
346
701
160
918
915
740
561
973
911
724
313
861
863
1076
295
45
159
855
753
1145
299
360
943
126
920
138
357
134
1125
990
1081
1127
791
528
22
1133
1033
572
204
580
815
1065
97
192
830
624
87
466
58
391
1028
704
879
685
137
901
1139
323
940
801
644
962
392
1066
64
936
95
102
198
491
406
521
1099
439
628
23
475
66
6
647
898
594
395
841
143
985
103
433
733
811
894
1006
389
139
248
124
842
935
451
793
1109
86
1144
1068
812
1092
557
1128
1059
891
763
1009
675
56
1042
178
345
55
844
1071
971
779
778
964
645
796
78
164
202
1149
774
1002
461
745
182
90
878
629
1021
655
730
709
764
272
897
5
749
382
152
1141
1016
120
123
867
290
662
546
1117
622
1090
307
634
840
407
938
245
284
25
625
1004
976
508
827
147
1073
744
666
772
574
726
1130
186
135
374
209
930
1098
760
240
850
570
43
759
797
469
1093
344
484
375
340
405
945
450
410
767
643
264
470
1106
260
1038
188
913
784
448
698
65
106
755
236
225
590
337
422
183
589
630
70
633
519
543
334
603
674
525
588
37
800
131
496
736
988
267
63
919
398
761
89
488
758
300
816
425
978
315
459
61
1039
205
848
957
552
652
668
983
961
505
310
443
1116
329
308
1094
125
8
819
250
255
1150
679
1050
1143
997
824
785
900
664
356
691
677
699
515
297
887
864
493
770
276
998
883
80
501
786
1052
516
868
533
259
222
1036
805
471
463
507
1032
230
426
318
194
1153
81
828
13
896
1137
1122
41
846
274
268
1031
808
703
349
559
1082
1101
526
648
442
995
794
545
947
715
729
227
114
1096
560
951
890
852
952
942
1000
1152
693
777
280
415
1045
168
877
207
71
91
201
814
111
787
884
991
408
464
902
843
1069
702
977
465
982
773
802
339
892
924
261
586
293
166
449
208
242
680
665
1
1083
15
649
613
377
789
113
320
93
195
1003
592
435
1126
231
1048
573
856
197
694
67
9
1091
927
866
541
1011
547
263
177
1007
457
1051
153
42
158
1086
369
348
17
1120
444
1056
132
24
597
813
336
10
118
213
651
281
1049
251
338
614
76
311
191
567
640
1107
75
21
746
40
681
1154
554
544
84
258
472
575
795
556
352
483
69
150
16
355
873
922
731
798
427
343
285
481
765
420
671
1072
627
411
176
294
20
121
994
923
999
993
14
452
914
288
551
700
170
416
1115
609
1085
549
714
732
173
577
934
831
446
440
379
271
1119
215
169
39
50
1114
1138
77
688
833
632
211
707
598
460
85
144
52
636
210
283
587
895
1078
857
1111
756
212
305
181
637
974
1020
1030
302
57
660
762
347
1079
695
390
239
875
781
860
604
512
839
996
524
365
619
456
49
871
324
373
539
799
417
27
487
739
4
218
200
617
33
162
782
432
499
367
289
495
650
851
332
238
513
522
847
684
1097
967
431
909
804
199
601
312
129
229
361
606
351
984
904
384
641
221
659
368
1112
716
401
966
585
690
661
119
979
908
335
735
656
834
646
673
477
11
277
946
1088
862
658
402
35
948
0
941
686
83
963
480
133
1040
372
741
766
921
108
953
520
1022
1010
171
478
987
532
223
750
678
358
241
937
537
932
780
109
576
47
769
82
722
670
611
654
383
981
96
273
807
986
530
1118
899
445
783
872
874
403
333
498
1047
326
906
565
397
94
968
954
266
254
889
489
1100
385
235
148
958
304
262
314
60
1064
228
608
757
1113
669
823
319
363
1037
638
1089
1019
116
244
1025
189
485
845
672
330
287
187
849
1034
419
600
903
596
59
593
257
853
1044
1029
1129
371
219
949
682
618
869
870
155
430
751
366
68
810
1148
151
224
26
163
1140
912
825
291
723
234
538
886
370
359
167
500
127
581
399
437
19
893
110
31
309
1001
3
1027
620
454
635
107
429
316
1134
482
955
527
1121
719
720
253
476
140
642
1108
32
165
1147
453
564
1063
1104
566
175
1146
196
1062
578
950
396
252
582
910
1075
657
742
409
747
944
1110
711
328
832
792
317
436
517
12
1046
818
53
809
1080
992
683
1013
697
233
28
115
265
286
1087
881
1123
514
1074
888
727
803
1014
836
1017
838
350
631
2
626
161
737
788
571
331
905
531
1124
146
341
692
826
270
36
822
321
174
184
754
939
256
725
1005
172
354
1135
776
136
1041
837
718
728
1060
820
29
562
771
386
376
206
960
1084
1026
563
203
663
542
73
1155
400
54
975
322
506
30
279
1142
790
179
156
1105
854
46
424
558
623
1061
615
101
907
7
296
44
220
599
79
529
885
1053
364
142
705
926
917
122
246
490
301
342
149
706
306
381
1008
916
128
696
473
1131
232
511
1067
553
62
653
548
282
467
145
413
933
534
768
502
929
667
835
568
605
474
610
550
876
583
607
752
249
1055
865
882
190
180
510
74
972
216
298
1151
421
579
710
226
378
497
980
1043
100
412
404
1102
292
48
434
712
959
1132
969
387
362
278
621
591
428
858
462
829
92
418
247
595
931
1077
676
928
708
98
1058
458
393

