535
265
247
971
526
44
529
500
274
305
189
34
184
334
631
542
113
363
608
79
553
1020
485
226
717
1044
1042
162
249
863
1133
1076
1053
490
860
896
448
622
972
810
104
506
486
90
877
532
757
985
447
965
140
223
176
523
1116
988
946
336
99
670
303
339
980
546
260
187
637
400
296
885
221
700
240
915
811
1077
732
98
14
642
426
678
387
889
458
1008
1080
383
793
499
94
1032
312
831
482
783
677
281
803
698
372
1056
315
487
558
41
1033
1018
455
797
1154
272
114
1147
604
715
1108
640
654
1084
613
40
262
819
1019
695
209
911
470
931
939
828
452
1023
343
347
1009
405
742
49
905
468
286
1123
693
402
1029
518
103
57
866
552
870
935
716
462
923
200
564
77
124
425
753
592
1138
849
331
1118
648
358
612
323
55
1082
778
779
908
183
1089
86
618
1054
1
330
110
58
18
504
328
81
629
638
767
38
1060
411
1134
177
369
611
159
834
561
392
47
395
940
1097
665
474
269
694
627
234
804
139
232
118
991
936
907
1017
566
182
1148
1086
891
388
747
219
646
53
1144
1110
10
181
478
787
1064
845
521
29
283
133
190
1130
25
781
609
253
1079
436
72
123
982
576
342
617
63
1030
765
161
823
1142
258
984
1137
175
764
497
17
466
8
465
201
438
179
188
1061
708
229
141
202
489
1085
709
547
191
570
83
397
345
137
1028
926
690
164
1136
663
23
902
607
720
565
960
624
9
981
321
481
1058
505
220
238
251
308
947
1047
366
1071
4
444
136
1075
867
573
413
603
107
167
733
488
245
712
957
1120
461
1038
385
344
749
719
682
298
454
1131
619
304
288
841
1025
858
352
496
87
929
519
380
1024
967
211
7
157
728
457
683
655
1052
652
574
1015
702
805
978
851
346
115
650
676
548
569
857
585
51
954
491
15
686
193
353
1143
381
876
1128
204
522
319
1105
126
1124
154
597
1014
459
774
729
476
932
102
6
1041
800
422
62
952
703
259
20
1022
761
1011
821
231
919
147
963
1043
593
59
880
798
430
168
494
760
101
1090
878
836
373
894
808
697
396
1037
562
76
1081
948
1098
537
772
861
839
844
451
356
630
37
737
365
898
557
824
24
674
82
973
1036
914
355
185
977
293
1026
746
986
471
357
31
549
212
681
172
138
322
571
472
766
483
979
73
326
340
213
539
1005
606
320
42
1092
951
421
174
855
833
513
859
731
26
509
60
335
782
216
928
635
974
463
626
826
439
601
806
953
1155
751
536
495
771
248
116
337
705
1107
966
528
1135
228
990
46
786
673
498
1004
868
699
534
333
119
1145
108
651
714
645
235
589
143
97
273
360
628
1002
442
255
270
67
937
667
865
739
417
449
33
791
364
1139
701
5
944
376
148
762
403
659
812
958
378
657
1129
111
514
1094
538
237
416
997
848
314
473
93
941
503
134
768
332
864
1003
66
277
605
723
132
550
241
257
551
266
95
874
1013
995
242
989
445
568
318
942
146
1117
244
252
543
975
261
412
838
1113
1141
414
75
246
429
324
217
354
846
1072
467
484
586
634
1016
830
696
287
531
801
567
1000
660
510
961
1153
91
1087
807
399
992
145
52
636
48
669
837
130
43
433
689
351
394
710
852
144
829
969
843
306
999
679
1126
621
799
524
186
301
909
784
450
816
437
214
599
16
391
780
668
1112
544
671
1078
916
121
149
359
512
649
401
492
278
117
1151
243
195
0
853
180
128
406
633
300
1040
1088
178
559
740
71
1132
813
596
1127
842
1035
511
206
661
706
647
750
1095
580
271
643
887
968
264
581
56
721
282
756
927
752
1103
691
773
1055
884
775
316
577
820
625
1039
54
151
675
267
276
227
475
349
39
934
1125
718
420
993
541
588
1057
815
424
27
962
809
900
435
1091
707
578
895
78
615
1062
827
368
1109
879
890
155
153
327
713
21
996
738
297
198
925
384
641
36
583
1070
285
680
479
955
423
408
367
614
956
792
362
918
456
664
623
847
1065
882
1152
835
389
311
460
862
89
218
398
2
85
1119
407
850
672
1115
1021
730
230
348
796
802
579
1122
814
317
196
284
818
1100
109
881
280
35
736
790
160
291
338
1048
893
250
197
1046
275
1114
560
84
540
776
22
1045
1068
1051
1074
644
600
289
165
727
587
970
871
1099
166
170
563
994
517
480
610
1096
616
158
755
440
222
1106
508
930
393
658
1006
998
127
112
959
795
28
441
748
1150
446
428
794
142
329
533
922
883
432
13
1104
769
758
268
724
69
299
1010
135
949
822
12
11
964
418
943
789
897
725
1069
1083
666
377
443
61
341
1121
555
1027
572
1093
656
1073
901
869
307
687
983
65
906
1007
310
453
225
279
224
913
309
886
950
872
817
290
105
684
653
419
254
199
294
711
933
888
122
239
903
726
777
88
688
215
1063
1031
584
32
415
374
662
1066
744
1140
685
371
735
1012
19
591
582
1001
236
1067
404
263
554
171
302
1034
594
45
50
292
152
875
722
639
169
295
754
976
313
409
469
502
464
912
1050
620
788
208
545
924
515
375
150
1101
120
173
590
525
68
1149
64
205
692
832
1059
74
156
856
210
410
745
770
370
207
501
493
1146
350
734
873
379
203
704
3
434
1102
741
904
527
233
987
516
431
1049
743
920
92
917
70
938
530
910
361
892
1111
921
785
854
520
129
507
759
602
825
30
194
106
632
477
427
390
131
386
100
840
598
256
163
96
595
382
125
556
899
763
945
325
80
575
192

